ID	130.PMN_1h_vs_130	130.PMN_1h_vs_130.PMN_0h	3X130.PMN_1h_vs_3X130	3X130.PMN_1h_vs_3X130.PMN_0h
NGO0121	0	0	1	0
NGO0116	0	0	1	0
NGO0110	1	0	1	0
NGO0100	0	0	1	0
NGO0065	0	0	1	0
NGO0058	0	0	1	0
NGO0057	1	1	1	0
NGO0050	0	0	1	0
NGO0025	0	1	0	1
NGO0022	1	1	1	1
NGO1063	1	0	0	1
NGO0021	0	1	0	1
NGO0019	1	0	1	0
NGO0017	0	0	1	0
NGO2180	0	0	1	0
NGO2175	0	0	1	0
NGO1059	1	0	0	0
NGO1055	0	1	0	1
NGO2133	0	0	0	1
NGO2130	0	0	1	0
NGO2125	1	0	1	0
NGO2122	1	0	0	0
NGO2120	0	0	1	0
NGO2113	1	0	1	0
NGO2111	0	1	0	1
NGO2109	0	0	0	1
NGO2104	0	0	1	0
NGO1052	1	0	1	0
NGO2096	0	1	0	1
NGO2093	0	1	0	0
NGO2092	0	1	0	0
NGO2090	1	0	0	0
NGO2089	0	0	0	1
NGO2088	0	0	0	1
NGO1049	0	1	0	1
NGO1048	0	1	0	0
NGO2059	1	1	1	1
NGO2056	0	0	1	0
NGO2054	0	0	1	0
NGO2051	0	0	0	1
NGO2050	0	1	0	1
NGO1046	1	0	1	0
NGO2045	0	0	1	0
NGO2040	0	0	1	0
NGO2029	1	0	1	0
NGO2015	0	0	1	0
NGO2014	0	1	0	1
NGO2013	0	1	1	1
NGO2012	1	0	1	1
NGO2011	1	0	1	1
NGO2009	1	0	0	0
NGO2008	1	0	0	0
NGO2000	1	0	1	0
NGO1162	0	0	0	1
NGO1962	0	0	1	1
NGO1948	1	1	1	1
NGO1946	1	1	1	1
NGO1945	1	1	1	1
NGO1944	1	1	0	1
NGO1029	0	1	0	1
NGO1931	1	0	1	1
NGO1924	1	0	1	0
NGO1919	1	0	0	0
NGO1905	0	0	1	0
NGO1888	0	0	1	0
NGO1881	0	0	1	0
NGO1861	0	0	1	0
NGO1857	0	0	1	0
NGO1851	1	0	0	0
NGO1850	1	0	0	0
NGO1835	1	0	0	0
NGO1013	1	0	1	0
NGO1804	0	0	0	1
NGO1799	0	0	1	0
NGO1789	0	0	1	0
NGO1779	0	0	0	1
NGO1778	0	0	1	0
NGO1769	1	1	1	1
NGO1767	0	0	0	1
NGO1761	0	0	1	0
NGO1759	0	0	1	0
NGO1750	1	0	0	0
NGO1002	1	1	1	1
NGO1717	1	0	1	1
NGO1710	0	0	1	0
NGO1690	0	0	1	0
NGO1654	0	0	1	0
NGO1649	0	0	1	0
NGO1647	0	0	0	1
NGO1646	0	1	0	0
NGO1614	0	1	0	1
NGO1600	0	0	0	1
NGO0987	1	0	1	0
NGO1588	0	0	0	1
NGO1583	1	0	1	0
NGO1581	1	0	1	0
NGO1578	0	0	1	0
NGO1568	0	1	1	1
NGO1567	1	0	1	1
NGO1566	0	0	0	1
NGO1565	0	0	0	1
NGO1562	1	0	1	0
NGO1520	0	0	1	0
NGO1496	0	1	0	1
NGO1495	0	1	0	1
NGO1494	0	1	0	1
NGO1474	1	0	1	0
NGO1473	0	0	1	1
NGO1466	0	0	0	1
NGO1456	0	0	1	0
NGO1455	1	0	1	0
NGO1449	0	1	0	1
NGO1427	0	0	1	0
NGO1422	1	0	1	0
NGO1410	1	0	0	0
NGO1404	0	0	1	0
NGO1382	0	0	1	0
NGO1379	0	1	0	1
NGO1378	0	1	0	1
NGO1377	0	1	0	1
NGO1374	1	0	1	0
NGO1373	1	0	1	0
NGO1372	1	0	0	0
NGO1371	1	0	1	0
NGO1368	0	0	0	1
NGO1367	1	0	1	0
NGO1363	0	1	0	0
NGO1358	0	1	0	1
NGO1355	0	0	1	0
NGO1346	1	0	1	0
NGO1338	0	0	1	0
NGO1337	0	0	1	0
NGO0959	1	0	1	0
NGO1328	1	0	1	0
NGO1322	0	0	1	0
NGO1318	1	1	1	1
NGO0956	0	0	0	1
NGO1304	1	0	0	0
NGO1301	0	0	0	1
NGO1297	0	0	0	1
NGO1295	1	1	1	1
NGO1294	1	1	1	0
NGO1289	1	0	0	0
NGO0949	1	0	1	1
NGO1284	0	0	1	0
NGO1277	1	0	1	0
NGO1276	1	1	1	1
NGO1273	0	0	1	0
NGO1258	1	0	1	0
NGO1249	1	0	1	0
NGO1248	0	0	0	1
NGO1247	1	0	1	0
NGO1246	0	0	1	0
NGO1245	1	0	0	0
NGO1220	0	1	0	1
NGO1215	1	0	1	0
NGO1205	0	1	0	1
NGO1192	0	0	1	0
NGO1189	1	0	0	0
NGO1182	0	1	0	1
NGO0930	0	1	0	1
NGO0923	0	0	1	0
NGO0919	0	0	0	1
NGO0918	0	0	0	1
NGO1152	0	0	1	0
NGO0899	0	0	1	0
NGO0894	0	0	1	0
NGO0893	0	0	1	0
NGO0891	0	0	1	0
NGO0890	0	0	1	0
NGO0887	0	0	1	0
NGO0885	0	0	1	0
NGO0880	0	0	0	1
NGO0873	0	0	1	0
NGO0867	1	0	1	0
NGO0863	1	0	1	1
NGO0853	1	0	0	0
NGO0852	1	0	0	0
NGO0848	0	0	0	1
NGO0845	0	0	0	1
NGO0844	0	0	0	1
NGO1145	0	0	1	0
NGO0829	0	0	1	0
NGO0827	1	0	1	0
NGO0825	0	0	1	0
NGO0820	1	0	1	0
NGO0812	0	0	1	0
NGO0805	1	0	1	0
NGO0798	1	0	1	0
NGO0797	1	0	1	0
NGO0775	0	1	0	0
NGO0754	1	0	1	0
NGO0738	1	0	1	0
NGO0729	0	0	1	0
NGO0712	0	0	1	0
NGO0711	1	0	1	0
NGO0704	0	1	0	0
NGO0678	0	0	0	1
NGO0677	0	0	0	1
NGO0676	0	0	1	1
NGO0675	0	0	0	1
NGO0674	0	0	0	1
NGO0666	1	0	1	0
NGO0658	0	0	1	0
NGO0655	0	0	1	0
NGO0650	1	0	1	0
NGO0649	0	0	1	0
NGO0646	0	0	0	1
NGO0637	1	0	1	0
NGO0636	1	0	1	0
NGO0635	1	0	1	0
NGO0633	0	0	1	0
NGO0632	0	0	1	0
NGO0630	1	0	1	0
NGO0617	1	0	1	0
NGO0606	0	1	0	1
NGO0602	1	0	1	0
NGO0583	0	0	1	0
NGO0574	0	1	1	1
NGO0569	1	0	0	0
NGO0568	0	1	0	0
NGO0555	0	1	0	1
NGO0554	1	1	1	1
NGO0521	0	0	1	0
NGO0511	1	0	1	1
NGO0509	0	0	1	0
NGO0494	0	0	0	1
NGO0491	0	0	1	0
NGO0489	0	0	0	1
NGO0476	0	0	1	0
NGO0464	0	0	1	0
NGO0448	1	0	1	0
NGO0446	0	1	0	1
NGO0445	0	1	0	1
NGO0418	0	0	1	0
NGO0378	0	0	1	0
NGO0377	1	0	1	0
NGO0375	1	0	0	0
NGO0374	1	0	1	1
NGO0373	1	0	1	1
NGO0372	1	0	1	1
NGO0340	1	0	0	1
NGO0332	0	0	1	0
NGO0328	1	0	1	0
NGO0323	1	0	0	0
NGO0322	1	0	0	0
NGO0318	0	0	1	0
NGO1090	0	0	1	0
NGO0292	0	0	1	0
NGO0284	1	0	1	0
NGO1089	0	0	0	1
NGO0262	1	0	1	0
NGO0261	0	0	1	0
NGO0258	0	0	1	0
NGO1086	0	0	0	1
NGO0250	0	0	0	1
NGO0243	1	0	1	0
NGO0233	1	0	1	0
NGO1084	1	1	0	1
NGO0226	1	0	1	0
NGO0217	0	1	0	1
NGO0216	0	0	1	0
NGO0198	0	0	1	0
NGO0191	0	0	1	0
NGO0187	1	0	1	0
NGO0186	1	0	1	1
NGO0176	0	0	1	0
NGO0172	1	0	1	0
NGO0170	0	1	0	0
NGO0168	0	1	0	1
NGO0165	1	0	1	0
NGO0156	1	0	0	0
NGO0152	0	0	1	0
NGO0142	0	0	1	0
