"Time"	"130+PMN_1h_vs_PMN_1h"	"3X130+PMN_1h_vs_PMN_1h"	"H041+PMN_1h_vs_PMN_1h"
"ENSG00000004799"	1	0	0	0
"ENSG00000004864"	1	0	0	0
"ENSG00000008118"	1	0	0	0
"ENSG00000008256"	1	0	0	0
"ENSG00000013297"	1	0	1	0
"ENSG00000013619"	1	0	0	0
"ENSG00000016391"	1	0	0	0
"ENSG00000019144"	1	0	0	0
"ENSG00000023445"	1	0	0	0
"ENSG00000026508"	1	1	1	0
"ENSG00000026652"	1	0	0	0
"ENSG00000034152"	1	0	0	0
"ENSG00000051128"	1	0	0	0
"ENSG00000053524"	1	1	1	1
"ENSG00000055483"	1	1	1	1
"ENSG00000056558"	1	1	1	1
"ENSG00000057704"	1	1	1	1
"ENSG00000060558"	1	0	0	0
"ENSG00000060982"	1	1	1	1
"ENSG00000062582"	1	0	0	0
"ENSG00000064270"	1	0	0	0
"ENSG00000065150"	1	0	0	0
"ENSG00000065809"	1	0	0	0
"ENSG00000065989"	1	0	0	0
"ENSG00000067225"	1	1	1	1
"ENSG00000067334"	1	0	0	0
"ENSG00000069956"	1	0	1	1
"ENSG00000070961"	1	0	0	0
"ENSG00000074660"	1	0	0	0
"ENSG00000076382"	1	1	1	1
"ENSG00000077150"	1	0	0	0
"ENSG00000078269"	1	0	0	0
"ENSG00000078401"	1	1	1	1
"ENSG00000081041"	1	1	1	1
"ENSG00000084234"	1	0	0	0
"ENSG00000085117"	1	1	1	1
"ENSG00000089351"	1	0	0	0
"ENSG00000089558"	1	0	0	0
"ENSG00000090020"	1	0	0	0
"ENSG00000091640"	1	0	0	0
"ENSG00000092295"	1	0	0	0
"ENSG00000095951"	1	0	0	0
"ENSG00000096070"	1	1	1	1
"ENSG00000096384"	1	1	0	0
"ENSG00000099860"	1	0	0	0
"ENSG00000099985"	1	1	1	1
"ENSG00000100024"	1	0	0	0
"ENSG00000100100"	1	0	0	0
"ENSG00000100219"	1	0	0	0
"ENSG00000100221"	1	0	0	0
"ENSG00000100906"	1	1	1	0
"ENSG00000101187"	1	0	0	0
"ENSG00000101255"	1	0	0	1
"ENSG00000101384"	1	1	1	1
"ENSG00000101421"	1	0	0	0
"ENSG00000101665"	1	0	0	0
"ENSG00000102265"	1	0	0	0
"ENSG00000102755"	1	0	0	0
"ENSG00000102794"	1	0	0	0
"ENSG00000102921"	1	1	1	1
"ENSG00000103257"	1	0	0	0
"ENSG00000103522"	1	0	0	0
"ENSG00000103569"	1	0	1	0
"ENSG00000103707"	1	0	0	0
"ENSG00000103966"	1	0	0	0
"ENSG00000104064"	1	0	0	0
"ENSG00000104320"	1	0	0	0
"ENSG00000104885"	1	0	0	0
"ENSG00000105281"	1	1	1	1
"ENSG00000105767"	1	0	0	0
"ENSG00000105849"	1	0	0	0
"ENSG00000106608"	1	0	0	0
"ENSG00000106952"	1	1	1	1
"ENSG00000107263"	1	0	0	0
"ENSG00000107338"	1	0	0	0
"ENSG00000107554"	1	1	0	1
"ENSG00000107566"	1	0	0	0
"ENSG00000107968"	1	1	0	0
"ENSG00000108179"	1	1	1	1
"ENSG00000108342"	1	0	0	0
"ENSG00000108515"	1	0	0	0
"ENSG00000108821"	1	0	0	0
"ENSG00000108932"	1	1	0	1
"ENSG00000109083"	1	0	0	0
"ENSG00000109320"	1	1	1	0
"ENSG00000110047"	1	1	0	0
"ENSG00000110911"	1	0	0	0
"ENSG00000110944"	1	0	0	0
"ENSG00000111266"	1	0	0	0
"ENSG00000111424"	1	1	1	1
"ENSG00000111490"	1	0	0	0
"ENSG00000111596"	1	0	0	0
"ENSG00000111817"	1	0	1	0
"ENSG00000112033"	1	0	0	0
"ENSG00000112078"	1	1	1	1
"ENSG00000112715"	1	1	1	1
"ENSG00000113552"	1	0	1	1
"ENSG00000113615"	1	0	0	0
"ENSG00000113758"	1	0	0	0
"ENSG00000114315"	1	0	1	0
"ENSG00000114541"	1	0	0	0
"ENSG00000115008"	1	1	1	1
"ENSG00000115009"	1	1	1	1
"ENSG00000115594"	1	0	0	0
"ENSG00000115598"	1	0	0	0
"ENSG00000115738"	1	0	0	1
"ENSG00000115756"	1	0	0	0
"ENSG00000116205"	1	0	0	0
"ENSG00000116260"	1	0	0	0
"ENSG00000116514"	1	0	0	0
"ENSG00000116584"	1	1	1	0
"ENSG00000116711"	1	1	0	0
"ENSG00000117009"	1	0	0	0
"ENSG00000117298"	1	0	0	0
"ENSG00000117394"	1	0	0	0
"ENSG00000117525"	1	1	1	1
"ENSG00000117868"	1	0	0	0
"ENSG00000118503"	1	1	1	0
"ENSG00000118689"	1	0	0	0
"ENSG00000118707"	1	1	0	0
"ENSG00000118985"	1	0	0	0
"ENSG00000119403"	1	0	0	0
"ENSG00000119508"	1	1	1	1
"ENSG00000119737"	1	0	0	0
"ENSG00000120051"	1	0	0	0
"ENSG00000120437"	1	0	0	0
"ENSG00000120738"	1	0	0	0
"ENSG00000121797"	1	1	1	1
"ENSG00000121807"	1	0	0	0
"ENSG00000121858"	1	0	0	0
"ENSG00000121900"	1	0	0	0
"ENSG00000122861"	1	1	1	0
"ENSG00000123405"	1	1	0	0
"ENSG00000123610"	1	0	0	0
"ENSG00000123685"	1	0	0	0
"ENSG00000123908"	1	0	0	0
"ENSG00000124102"	1	1	1	1
"ENSG00000124103"	1	0	0	0
"ENSG00000124120"	1	0	0	1
"ENSG00000124225"	1	0	0	0
"ENSG00000124466"	1	1	0	0
"ENSG00000124762"	1	0	0	0
"ENSG00000124788"	1	1	1	1
"ENSG00000124882"	1	1	1	1
"ENSG00000125430"	1	0	0	0
"ENSG00000125462"	1	0	0	0
"ENSG00000125538"	1	1	1	1
"ENSG00000125633"	1	0	0	0
"ENSG00000125730"	1	0	0	0
"ENSG00000125731"	1	0	0	0
"ENSG00000125733"	1	0	0	0
"ENSG00000125735"	1	0	0	0
"ENSG00000125746"	1	0	1	1
"ENSG00000126368"	1	0	1	1
"ENSG00000126803"	1	0	0	0
"ENSG00000127947"	1	1	0	1
"ENSG00000128268"	1	0	0	0
"ENSG00000128271"	1	1	0	0
"ENSG00000128342"	1	1	1	1
"ENSG00000128872"	1	1	0	1
"ENSG00000129226"	1	0	0	0
"ENSG00000129749"	1	0	1	0
"ENSG00000130052"	1	0	0	0
"ENSG00000130164"	1	1	1	0
"ENSG00000130340"	1	0	0	0
"ENSG00000130449"	1	0	0	0
"ENSG00000130830"	1	1	0	0
"ENSG00000130844"	1	1	0	0
"ENSG00000131323"	1	0	0	0
"ENSG00000131370"	1	0	0	0
"ENSG00000131652"	1	0	0	0
"ENSG00000131669"	1	0	0	0
"ENSG00000131979"	1	0	0	0
"ENSG00000131981"	1	0	0	0
"ENSG00000132199"	1	0	0	0
"ENSG00000132792"	1	0	0	0
"ENSG00000133574"	1	0	0	0
"ENSG00000133612"	1	0	0	0
"ENSG00000133657"	1	0	0	0
"ENSG00000134070"	1	1	1	0
"ENSG00000134107"	1	0	0	0
"ENSG00000134152"	1	0	0	0
"ENSG00000134802"	1	1	1	1
"ENSG00000135476"	1	0	0	0
"ENSG00000135503"	1	0	0	0
"ENSG00000135723"	1	1	1	1
"ENSG00000135900"	1	0	0	0
"ENSG00000135905"	1	0	0	0
"ENSG00000135931"	1	0	0	0
"ENSG00000136059"	1	1	1	1
"ENSG00000136244"	1	1	0	0
"ENSG00000136367"	1	0	0	0
"ENSG00000136371"	1	0	0	0
"ENSG00000136603"	1	0	0	0
"ENSG00000136630"	1	0	0	0
"ENSG00000136689"	1	1	1	1
"ENSG00000137309"	1	0	0	0
"ENSG00000137331"	1	1	1	0
"ENSG00000137801"	1	0	0	0
"ENSG00000137877"	1	0	0	0
"ENSG00000138378"	1	0	0	0
"ENSG00000138821"	1	1	1	0
"ENSG00000139132"	1	1	1	1
"ENSG00000139289"	1	0	0	0
"ENSG00000139572"	1	0	0	0
"ENSG00000139725"	1	0	0	0
"ENSG00000140519"	1	1	1	1
"ENSG00000140807"	1	0	0	0
"ENSG00000140859"	1	1	0	1
"ENSG00000141499"	1	0	0	0
"ENSG00000142185"	1	0	0	0
"ENSG00000142319"	1	0	0	0
"ENSG00000143067"	1	0	1	0
"ENSG00000143702"	1	1	0	1
"ENSG00000143851"	1	1	0	0
"ENSG00000144401"	1	1	1	1
"ENSG00000144426"	1	1	0	0
"ENSG00000144671"	1	0	0	0
"ENSG00000144677"	1	0	0	0
"ENSG00000144802"	1	0	0	0
"ENSG00000144824"	1	0	0	0
"ENSG00000145414"	1	1	0	0
"ENSG00000145416"	1	0	0	0
"ENSG00000145632"	1	0	0	0
"ENSG00000145901"	1	0	0	1
"ENSG00000145911"	1	0	0	1
"ENSG00000146232"	1	0	0	0
"ENSG00000146376"	1	1	0	1
"ENSG00000146457"	1	0	0	0
"ENSG00000146535"	1	0	0	1
"ENSG00000148344"	1	0	0	1
"ENSG00000148841"	1	0	0	0
"ENSG00000149289"	1	0	0	0
"ENSG00000150048"	1	1	0	0
"ENSG00000150977"	1	0	0	0
"ENSG00000151012"	1	0	0	0
"ENSG00000151014"	1	0	0	0
"ENSG00000151247"	1	1	1	1
"ENSG00000152409"	1	0	0	0
"ENSG00000152689"	1	1	0	0
"ENSG00000152784"	1	0	0	0
"ENSG00000153162"	1	0	0	0
"ENSG00000153201"	1	0	0	0
"ENSG00000153395"	1	0	0	0
"ENSG00000153976"	1	0	0	0
"ENSG00000154978"	1	1	1	1
"ENSG00000155090"	1	0	1	0
"ENSG00000155096"	1	0	0	0
"ENSG00000155097"	1	1	1	1
"ENSG00000155307"	1	0	0	0
"ENSG00000155850"	1	1	0	0
"ENSG00000156535"	1	0	0	0
"ENSG00000156711"	1	0	0	0
"ENSG00000156886"	1	0	0	0
"ENSG00000157557"	1	1	1	1
"ENSG00000157593"	1	1	1	1
"ENSG00000157764"	1	1	0	1
"ENSG00000158882"	1	0	0	0
"ENSG00000159459"	1	1	0	1
"ENSG00000160209"	1	0	0	0
"ENSG00000160271"	1	1	1	1
"ENSG00000160949"	1	0	0	0
"ENSG00000161011"	1	0	0	0
"ENSG00000161091"	1	0	0	0
"ENSG00000161270"	1	0	0	0
"ENSG00000161835"	1	0	0	0
"ENSG00000162407"	1	0	0	0
"ENSG00000162413"	1	0	0	0
"ENSG00000162711"	1	1	1	1
"ENSG00000162733"	1	0	0	0
"ENSG00000162783"	1	0	0	0
"ENSG00000162924"	1	1	0	0
"ENSG00000163006"	1	0	0	0
"ENSG00000163171"	1	0	0	0
"ENSG00000163297"	1	1	1	1
"ENSG00000163661"	1	1	0	0
"ENSG00000163734"	1	1	1	1
"ENSG00000163739"	1	1	1	1
"ENSG00000163814"	1	0	0	0
"ENSG00000163874"	1	0	0	0
"ENSG00000163975"	1	1	1	1
"ENSG00000164023"	1	0	0	0
"ENSG00000164236"	1	0	0	0
"ENSG00000164626"	1	0	0	0
"ENSG00000164877"	1	0	0	0
"ENSG00000164949"	1	0	0	0
"ENSG00000165006"	1	0	0	0
"ENSG00000165102"	1	1	1	1
"ENSG00000165685"	1	1	1	1
"ENSG00000165714"	1	0	0	0
"ENSG00000165782"	1	0	1	1
"ENSG00000165879"	1	0	0	0
"ENSG00000166147"	1	0	0	0
"ENSG00000166340"	1	0	0	0
"ENSG00000166401"	1	1	0	1
"ENSG00000166471"	1	0	0	0
"ENSG00000166482"	1	1	1	0
"ENSG00000166592"	1	0	0	0
"ENSG00000166825"	1	0	0	0
"ENSG00000166839"	1	0	0	0
"ENSG00000166920"	1	1	1	0
"ENSG00000167210"	1	0	0	0
"ENSG00000167291"	1	0	0	0
"ENSG00000167508"	1	0	0	0
"ENSG00000167604"	1	0	0	0
"ENSG00000167680"	1	0	0	0
"ENSG00000167703"	1	0	0	0
"ENSG00000167874"	1	0	0	0
"ENSG00000168209"	1	0	0	0
"ENSG00000168264"	1	1	0	0
"ENSG00000168329"	1	0	0	0
"ENSG00000168389"	1	1	0	0
"ENSG00000168734"	1	0	0	1
"ENSG00000168746"	1	0	0	0
"ENSG00000169057"	1	0	0	0
"ENSG00000169155"	1	0	0	0
"ENSG00000169184"	1	0	0	0
"ENSG00000169607"	1	1	0	1
"ENSG00000169756"	1	0	0	0
"ENSG00000170145"	1	1	0	0
"ENSG00000170345"	1	0	0	0
"ENSG00000170425"	1	0	0	0
"ENSG00000170448"	1	0	0	0
"ENSG00000170542"	1	0	0	0
"ENSG00000171860"	1	0	0	0
"ENSG00000171867"	1	0	0	0
"ENSG00000172548"	1	1	1	1
"ENSG00000172939"	1	0	0	0
"ENSG00000172940"	1	0	0	0
"ENSG00000172965"	1	0	0	0
"ENSG00000173083"	1	1	1	1
"ENSG00000173166"	1	0	0	0
"ENSG00000173391"	1	1	1	1
"ENSG00000173575"	1	1	0	0
"ENSG00000173926"	1	0	0	0
"ENSG00000174373"	1	0	0	0
"ENSG00000175066"	1	0	0	0
"ENSG00000175130"	1	0	1	0
"ENSG00000175352"	1	0	0	0
"ENSG00000175356"	1	0	1	0
"ENSG00000175505"	1	0	0	0
"ENSG00000175556"	1	0	0	0
"ENSG00000176170"	1	1	1	1
"ENSG00000176597"	1	1	1	1
"ENSG00000177337"	1	0	0	0
"ENSG00000177374"	1	0	0	0
"ENSG00000177426"	1	0	1	1
"ENSG00000177464"	1	1	1	1
"ENSG00000177688"	1	1	0	0
"ENSG00000178209"	1	0	1	1
"ENSG00000178607"	1	1	0	1
"ENSG00000178623"	1	0	0	0
"ENSG00000178966"	1	0	0	0
"ENSG00000178974"	1	1	1	1
"ENSG00000179362"	1	0	0	0
"ENSG00000179630"	1	1	0	1
"ENSG00000180152"	1	0	0	0
"ENSG00000180251"	1	0	0	0
"ENSG00000180316"	1	0	0	0
"ENSG00000181045"	1	0	0	1
"ENSG00000181274"	1	0	0	0
"ENSG00000181577"	1	1	0	0
"ENSG00000181634"	1	1	1	1
"ENSG00000181649"	1	0	0	0
"ENSG00000182162"	1	0	0	0
"ENSG00000182183"	1	0	1	1
"ENSG00000182224"	1	1	1	1
"ENSG00000182378"	1	1	0	0
"ENSG00000183570"	1	0	0	0
"ENSG00000184014"	1	0	0	0
"ENSG00000184106"	1	0	0	0
"ENSG00000184216"	1	0	0	0
"ENSG00000184260"	1	0	0	0
"ENSG00000184270"	1	0	0	0
"ENSG00000184497"	1	0	0	0
"ENSG00000185304"	1	0	0	0
"ENSG00000185361"	1	0	0	0
"ENSG00000185947"	1	0	0	0
"ENSG00000186088"	1	1	1	1
"ENSG00000186174"	1	0	0	0
"ENSG00000186480"	1	0	0	0
"ENSG00000186577"	1	0	0	0
"ENSG00000187556"	1	0	0	0
"ENSG00000187642"	1	1	0	1
"ENSG00000187775"	1	1	1	1
"ENSG00000188157"	1	0	0	0
"ENSG00000188211"	1	1	1	1
"ENSG00000188215"	1	0	0	0
"ENSG00000188522"	1	0	0	0
"ENSG00000188886"	1	0	0	1
"ENSG00000189350"	1	0	0	0
"ENSG00000189430"	1	1	1	0
"ENSG00000196498"	1	0	0	0
"ENSG00000196639"	1	0	0	0
"ENSG00000196878"	1	1	1	0
"ENSG00000196917"	1	1	1	1
"ENSG00000196924"	1	0	0	0
"ENSG00000197019"	1	0	0	0
"ENSG00000197020"	1	0	0	0
"ENSG00000197063"	1	0	1	0
"ENSG00000197122"	1	0	0	0
"ENSG00000197142"	1	0	0	0
"ENSG00000197279"	1	1	1	1
"ENSG00000197381"	1	0	0	0
"ENSG00000197548"	1	0	0	0
"ENSG00000198176"	1	0	0	0
"ENSG00000198355"	1	0	0	0
"ENSG00000198369"	1	1	1	1
"ENSG00000198522"	1	0	0	0
"ENSG00000198805"	1	0	0	0
"ENSG00000198814"	1	0	0	0
"ENSG00000198839"	1	1	1	1
"ENSG00000198879"	1	0	0	0
"ENSG00000198959"	1	0	0	0
"ENSG00000199788"	1	0	0	0
"ENSG00000200075"	1	1	0	0
"ENSG00000201221"	1	0	0	0
"ENSG00000202459"	1	0	0	0
"ENSG00000204421"	1	0	0	0
"ENSG00000204683"	1	0	0	0
"ENSG00000205339"	1	0	0	0
"ENSG00000205423"	1	1	0	1
"ENSG00000205755"	1	1	0	0
"ENSG00000206969"	1	0	0	0
"ENSG00000207614"	1	0	0	0
"ENSG00000207821"	1	0	0	0
"ENSG00000211990"	1	0	0	1
"ENSG00000212568"	1	0	0	0
"ENSG00000213714"	1	0	0	0
"ENSG00000214193"	1	0	0	0
"ENSG00000214812"	1	0	0	0
"ENSG00000214894"	1	0	0	0
"ENSG00000215022"	1	0	0	0
"ENSG00000217801"	1	0	0	0
"ENSG00000218073"	1	0	0	0
"ENSG00000218565"	1	1	0	1
"ENSG00000219608"	1	0	0	0
"ENSG00000219665"	1	1	0	0
"ENSG00000219891"	1	0	0	0
"ENSG00000220412"	1	1	1	0
"ENSG00000220987"	1	1	1	1
"ENSG00000222041"	1	0	0	0
"ENSG00000222047"	1	1	0	0
"ENSG00000222898"	1	0	0	0
"ENSG00000224950"	1	1	1	1
"ENSG00000224959"	1	0	0	0
"ENSG00000224967"	1	0	0	0
"ENSG00000224988"	1	0	0	0
"ENSG00000225450"	1	0	0	0
"ENSG00000226312"	1	1	1	1
"ENSG00000226644"	1	1	0	0
"ENSG00000227295"	1	0	0	0
"ENSG00000227591"	1	1	1	0
"ENSG00000228013"	1	1	1	1
"ENSG00000228022"	1	1	0	0
"ENSG00000228140"	1	0	0	0
"ENSG00000228274"	1	0	0	1
"ENSG00000228477"	1	0	0	0
"ENSG00000228485"	1	0	0	0
"ENSG00000228768"	1	0	0	0
"ENSG00000228830"	1	1	0	1
"ENSG00000228863"	1	0	0	0
"ENSG00000228923"	1	0	0	0
"ENSG00000229331"	1	0	0	0
"ENSG00000229419"	1	0	0	0
"ENSG00000229512"	1	0	0	0
"ENSG00000229622"	1	1	0	0
"ENSG00000230295"	1	0	0	0
"ENSG00000230438"	1	0	0	0
"ENSG00000230647"	1	0	1	1
"ENSG00000230943"	1	0	0	0
"ENSG00000231105"	1	1	0	0
"ENSG00000231233"	1	0	0	1
"ENSG00000231584"	1	0	0	0
"ENSG00000231865"	1	1	0	0
"ENSG00000232133"	1	0	0	0
"ENSG00000232373"	1	0	0	0
"ENSG00000232517"	1	0	1	0
"ENSG00000232546"	1	0	0	0
"ENSG00000232618"	1	0	0	0
"ENSG00000232748"	1	0	0	0
"ENSG00000232810"	1	0	0	0
"ENSG00000233621"	1	1	1	1
"ENSG00000233896"	1	1	1	1
"ENSG00000234358"	1	0	0	0
"ENSG00000235978"	1	0	0	0
"ENSG00000236213"	1	0	0	0
"ENSG00000236530"	1	1	1	1
"ENSG00000236682"	1	0	0	0
"ENSG00000236829"	1	0	0	0
"ENSG00000237499"	1	1	1	1
"ENSG00000237513"	1	1	1	1
"ENSG00000237788"	1	0	0	0
"ENSG00000237879"	1	1	0	0
"ENSG00000238005"	1	0	0	0
"ENSG00000238446"	1	0	0	0
"ENSG00000238829"	1	0	0	0
"ENSG00000239948"	1	1	1	1
"ENSG00000240023"	1	0	0	0
"ENSG00000240291"	1	0	0	0
"ENSG00000241058"	1	0	0	0
"ENSG00000241319"	1	1	0	0
"ENSG00000241886"	1	0	0	0
"ENSG00000242113"	1	0	0	0
"ENSG00000242330"	1	0	0	0
"ENSG00000242853"	1	0	0	0
"ENSG00000243179"	1	1	1	0
"ENSG00000243609"	1	0	0	0
"ENSG00000243704"	1	0	0	0
"ENSG00000244242"	1	0	0	0
"ENSG00000244675"	1	0	0	0
"ENSG00000245149"	1	0	0	0
"ENSG00000246334"	1	0	0	0
"ENSG00000247400"	1	1	0	0
"ENSG00000248323"	1	0	0	0
"ENSG00000250274"	1	1	1	1
"ENSG00000251161"	1	0	0	0
"ENSG00000251194"	1	1	1	0
"ENSG00000251393"	1	0	0	0
"ENSG00000253111"	1	0	0	0
"ENSG00000253320"	1	1	0	0
"ENSG00000253372"	1	0	0	0
"ENSG00000253669"	1	1	1	1
"ENSG00000253729"	1	1	0	0
"ENSG00000254281"	1	1	1	1
"ENSG00000254415"	1	0	0	0
"ENSG00000254420"	1	0	0	0
"ENSG00000254477"	1	1	1	1
"ENSG00000254750"	1	0	0	0
"ENSG00000254884"	1	0	0	0
"ENSG00000255097"	1	1	0	0
"ENSG00000255163"	1	1	0	1
"ENSG00000255221"	1	0	0	0
"ENSG00000255355"	1	1	1	1
"ENSG00000255521"	1	1	1	1
"ENSG00000255670"	1	0	0	0
"ENSG00000256671"	1	0	0	0
"ENSG00000258227"	1	0	0	0
"ENSG00000258441"	1	0	0	0
"ENSG00000258872"	1	1	1	1
"ENSG00000259354"	1	0	0	0
"ENSG00000259398"	1	1	1	1
"ENSG00000259758"	1	1	1	1
"ENSG00000259912"	1	1	1	1
"ENSG00000259959"	1	0	1	1
"ENSG00000259962"	1	1	1	1
"ENSG00000260135"	1	1	1	1
"ENSG00000260144"	1	0	0	0
"ENSG00000260196"	1	1	1	1
"ENSG00000260672"	1	0	0	0
"ENSG00000260757"	1	0	0	0
"ENSG00000261024"	1	0	0	0
"ENSG00000261229"	1	0	1	0
"ENSG00000261574"	1	0	0	0
"ENSG00000262001"	1	0	0	0
"ENSG00000262514"	1	0	0	0
"ENSG00000264017"	1	0	0	0
"ENSG00000264469"	1	0	0	0
"ENSG00000264757"	1	0	0	0
"ENSG00000264831"	1	1	0	0
"ENSG00000265808"	1	0	0	0
"ENSG00000265871"	1	0	0	1
"ENSG00000265975"	1	1	0	0
"ENSG00000266378"	1	1	0	0
"ENSG00000266709"	1	1	0	0
"ENSG00000267365"	1	0	0	0
"ENSG00000267757"	1	0	0	0
"ENSG00000268240"	1	1	1	1
"ENSG00000268362"	1	0	0	0
"ENSG00000268635"	1	1	1	1
"ENSG00000269019"	1	0	0	0
"ENSG00000269821"	1	0	0	0
"ENSG00000269919"	1	0	0	0
"ENSG00000270210"	1	0	0	0
"ENSG00000270750"	1	0	0	0
"ENSG00000271383"	1	0	0	0
"ENSG00000271780"	1	1	1	1
"ENSG00000271856"	1	0	0	0
"ENSG00000271886"	1	0	0	0
"ENSG00000272016"	1	1	0	0
"ENSG00000272084"	1	0	0	0
"ENSG00000272379"	1	0	1	1
"ENSG00000272403"	1	0	0	0
"ENSG00000272540"	1	0	0	0
"ENSG00000272565"	1	0	0	0
"ENSG00000272669"	1	0	0	0
"ENSG00000272768"	1	1	1	1
"ENSG00000272911"	1	0	0	0
"ENSG00000273002"	1	0	0	0
"ENSG00000273142"	1	0	0	1
"ENSG00000273311"	1	0	0	0
"ENSG00000273341"	1	1	1	1
"ENSG00000273604"	1	0	0	0
"ENSG00000273691"	1	1	1	1
"ENSG00000273837"	1	0	0	0
"ENSG00000274215"	1	0	0	0
"ENSG00000274286"	1	1	0	1
"ENSG00000274528"	1	1	1	1
"ENSG00000274555"	1	1	1	0
"ENSG00000274767"	1	0	0	1
"ENSG00000275023"	1	1	1	1
"ENSG00000275302"	1	1	1	1
"ENSG00000275532"	1	0	0	0
"ENSG00000276070"	1	1	1	1
"ENSG00000276085"	1	1	1	1
"ENSG00000276248"	1	1	1	1
"ENSG00000276376"	1	0	0	0
"ENSG00000276404"	1	0	0	0
"ENSG00000276980"	1	0	0	0
"ENSG00000277443"	1	0	0	0
"ENSG00000277632"	1	1	1	1
"ENSG00000277895"	1	1	1	1
"ENSG00000277969"	1	1	1	1
"ENSG00000278546"	1	0	1	0
"ENSG00000278607"	1	0	0	0
"ENSG00000278792"	1	0	0	0
"ENSG00000278909"	1	0	0	0
"ENSG00000278976"	1	1	0	0
"ENSG00000279109"	1	0	0	0
"ENSG00000279166"	1	0	0	0
"ENSG00000279425"	1	0	0	0
"ENSG00000279447"	1	1	1	0
"ENSG00000279476"	1	0	0	0
"ENSG00000279699"	1	1	1	1
"ENSG00000279700"	1	0	0	0
"ENSG00000279821"	1	0	0	0
"ENSG00000279946"	1	0	0	0
"ENSG00000280008"	1	0	0	0
"ENSG00000280046"	1	0	0	1
"ENSG00000280228"	1	1	1	1
"ENSG00000280287"	1	0	0	0
"ENSG00000280292"	1	0	0	0
