"PMN_1h_vs_PMN_0h"	"130+PMN_1h_vs_130+PMN_0h"	"3X130+PMN_1h_vs_3X130+PMN_0h"	"H041+PMN_1h_vs_H041+PMN_0h"
"ENSG00000001617"	1	0	1	1
"ENSG00000002919"	1	1	0	0
"ENSG00000004455"	1	1	0	0
"ENSG00000004799"	1	1	1	1
"ENSG00000004864"	1	1	1	1
"ENSG00000005379"	0	0	0	1
"ENSG00000006327"	1	1	0	1
"ENSG00000006555"	0	1	0	1
"ENSG00000006831"	1	1	0	0
"ENSG00000007264"	0	0	0	1
"ENSG00000007314"	0	1	0	0
"ENSG00000007350"	0	0	1	0
"ENSG00000007376"	0	1	0	0
"ENSG00000008056"	1	1	0	0
"ENSG00000008118"	1	1	1	1
"ENSG00000008128"	1	0	0	0
"ENSG00000008256"	1	1	1	1
"ENSG00000008294"	0	1	1	1
"ENSG00000008394"	1	0	0	0
"ENSG00000008405"	1	1	0	0
"ENSG00000008441"	1	0	0	0
"ENSG00000008952"	1	0	0	0
"ENSG00000010165"	0	1	0	0
"ENSG00000010310"	0	1	1	1
"ENSG00000011422"	0	1	1	1
"ENSG00000011523"	0	0	1	1
"ENSG00000013297"	1	1	1	1
"ENSG00000013523"	0	0	0	1
"ENSG00000013563"	1	0	0	0
"ENSG00000013619"	1	1	1	1
"ENSG00000013725"	1	0	0	0
"ENSG00000014138"	0	1	0	0
"ENSG00000014919"	0	1	0	1
"ENSG00000015475"	1	0	1	0
"ENSG00000015532"	0	1	0	0
"ENSG00000016391"	1	1	1	1
"ENSG00000016864"	1	1	0	1
"ENSG00000018280"	0	1	0	0
"ENSG00000019144"	1	1	1	1
"ENSG00000020633"	1	0	0	0
"ENSG00000021355"	0	1	0	0
"ENSG00000023445"	1	1	1	1
"ENSG00000023909"	1	1	1	0
"ENSG00000024048"	1	1	0	0
"ENSG00000026025"	0	1	0	1
"ENSG00000026508"	1	1	1	1
"ENSG00000026652"	1	1	1	1
"ENSG00000026751"	0	1	1	1
"ENSG00000027075"	0	1	1	1
"ENSG00000028137"	1	0	0	0
"ENSG00000031081"	1	0	0	0
"ENSG00000034152"	1	1	1	1
"ENSG00000034533"	1	0	0	1
"ENSG00000034713"	0	1	1	1
"ENSG00000035681"	0	1	1	1
"ENSG00000038002"	0	0	0	1
"ENSG00000039319"	0	1	1	1
"ENSG00000040199"	0	0	0	1
"ENSG00000042832"	1	0	0	1
"ENSG00000043462"	0	1	1	0
"ENSG00000047188"	1	1	0	0
"ENSG00000047932"	0	0	1	0
"ENSG00000049167"	1	0	0	0
"ENSG00000050327"	0	1	1	0
"ENSG00000051128"	1	1	1	1
"ENSG00000052344"	0	1	0	0
"ENSG00000052795"	1	0	1	0
"ENSG00000053501"	0	1	1	1
"ENSG00000053524"	1	1	1	1
"ENSG00000054148"	0	0	0	1
"ENSG00000054523"	0	1	0	0
"ENSG00000054983"	1	1	0	0
"ENSG00000055118"	1	0	0	0
"ENSG00000055163"	1	1	1	0
"ENSG00000055483"	1	1	1	1
"ENSG00000056558"	1	1	1	1
"ENSG00000056972"	1	0	1	0
"ENSG00000057657"	0	1	1	0
"ENSG00000057704"	1	1	1	1
"ENSG00000058729"	0	0	1	1
"ENSG00000059728"	1	1	0	0
"ENSG00000060558"	1	1	1	1
"ENSG00000060971"	1	0	0	0
"ENSG00000060982"	1	1	1	1
"ENSG00000062194"	0	1	0	0
"ENSG00000062582"	1	1	1	1
"ENSG00000063015"	0	1	1	1
"ENSG00000063176"	0	1	0	0
"ENSG00000063322"	0	1	0	1
"ENSG00000064270"	1	1	1	1
"ENSG00000064651"	1	0	0	0
"ENSG00000064886"	1	0	0	0
"ENSG00000065029"	1	0	0	0
"ENSG00000065150"	1	1	1	1
"ENSG00000065457"	0	1	0	0
"ENSG00000065618"	0	1	0	1
"ENSG00000065621"	0	0	1	0
"ENSG00000065665"	1	0	0	0
"ENSG00000065809"	1	1	1	1
"ENSG00000065989"	1	1	1	1
"ENSG00000066855"	1	0	0	0
"ENSG00000067048"	0	0	1	0
"ENSG00000067225"	1	1	1	1
"ENSG00000067334"	1	1	1	1
"ENSG00000067369"	1	1	0	0
"ENSG00000067606"	0	0	0	1
"ENSG00000068120"	0	1	0	0
"ENSG00000068489"	0	1	0	0
"ENSG00000069399"	0	1	0	0
"ENSG00000069712"	1	1	0	0
"ENSG00000069849"	1	0	0	0
"ENSG00000069943"	1	0	0	0
"ENSG00000069956"	1	1	1	1
"ENSG00000069966"	1	0	0	0
"ENSG00000070950"	0	1	0	0
"ENSG00000070961"	1	1	1	1
"ENSG00000071859"	0	1	1	1
"ENSG00000073060"	0	1	0	0
"ENSG00000073111"	0	1	1	1
"ENSG00000073350"	0	0	1	0
"ENSG00000073605"	0	1	0	0
"ENSG00000073756"	0	1	1	1
"ENSG00000073803"	0	1	0	0
"ENSG00000074181"	1	0	0	0
"ENSG00000074416"	0	1	1	1
"ENSG00000074660"	1	1	1	1
"ENSG00000074800"	1	0	0	0
"ENSG00000075426"	0	1	1	1
"ENSG00000075618"	1	0	0	0
"ENSG00000075826"	0	1	0	0
"ENSG00000076382"	1	1	1	1
"ENSG00000076604"	0	1	0	1
"ENSG00000076650"	0	1	0	0
"ENSG00000076706"	0	1	0	1
"ENSG00000077150"	1	1	1	1
"ENSG00000077238"	1	1	0	0
"ENSG00000077380"	0	0	0	1
"ENSG00000077782"	1	0	0	0
"ENSG00000078081"	0	1	0	1
"ENSG00000078098"	0	0	0	1
"ENSG00000078114"	0	0	1	0
"ENSG00000078269"	1	1	1	1
"ENSG00000078401"	1	1	1	1
"ENSG00000078687"	1	0	0	0
"ENSG00000079215"	0	0	0	1
"ENSG00000079308"	1	0	0	0
"ENSG00000079393"	1	0	0	0
"ENSG00000080371"	1	1	1	0
"ENSG00000080815"	1	1	1	0
"ENSG00000080947"	0	1	0	0
"ENSG00000080986"	1	1	0	0
"ENSG00000081041"	1	1	1	1
"ENSG00000083457"	0	1	0	0
"ENSG00000083812"	1	1	0	1
"ENSG00000083814"	0	1	0	0
"ENSG00000083838"	1	1	0	0
"ENSG00000084234"	1	1	1	1
"ENSG00000085117"	1	1	1	1
"ENSG00000085999"	1	1	0	0
"ENSG00000086062"	0	1	0	0
"ENSG00000086544"	0	1	1	1
"ENSG00000087008"	0	1	1	1
"ENSG00000087074"	0	1	1	1
"ENSG00000087077"	1	0	0	0
"ENSG00000087299"	1	0	0	0
"ENSG00000087302"	0	1	0	1
"ENSG00000087586"	1	0	0	0
"ENSG00000088682"	0	1	0	0
"ENSG00000088808"	1	1	1	0
"ENSG00000089127"	0	1	0	0
"ENSG00000089335"	0	0	0	1
"ENSG00000089351"	1	1	1	1
"ENSG00000089505"	1	0	0	0
"ENSG00000089558"	1	1	1	1
"ENSG00000089818"	1	1	1	0
"ENSG00000090020"	1	1	1	1
"ENSG00000090316"	1	0	0	0
"ENSG00000090339"	0	1	1	1
"ENSG00000090565"	0	0	1	0
"ENSG00000090924"	0	1	0	1
"ENSG00000090975"	0	1	0	0
"ENSG00000091106"	1	0	0	0
"ENSG00000091181"	0	1	1	1
"ENSG00000091436"	0	1	0	0
"ENSG00000091640"	1	1	1	1
"ENSG00000091732"	1	0	0	0
"ENSG00000091947"	0	0	1	0
"ENSG00000092199"	0	1	1	1
"ENSG00000092295"	1	1	1	1
"ENSG00000092820"	1	1	0	0
"ENSG00000092931"	0	1	1	0
"ENSG00000093134"	0	1	1	1
"ENSG00000094804"	0	1	1	1
"ENSG00000095002"	0	1	0	0
"ENSG00000095319"	0	0	1	0
"ENSG00000095383"	0	0	0	1
"ENSG00000095585"	0	1	0	0
"ENSG00000095794"	0	1	1	1
"ENSG00000095951"	1	1	1	1
"ENSG00000095970"	0	0	1	1
"ENSG00000096070"	1	1	1	1
"ENSG00000096384"	1	1	1	1
"ENSG00000096696"	0	1	1	1
"ENSG00000099194"	1	1	0	0
"ENSG00000099365"	0	1	1	1
"ENSG00000099377"	0	0	1	0
"ENSG00000099385"	0	0	0	1
"ENSG00000099725"	0	0	1	0
"ENSG00000099860"	1	1	1	1
"ENSG00000099985"	1	1	1	1
"ENSG00000099994"	1	1	0	0
"ENSG00000100024"	1	1	1	1
"ENSG00000100031"	0	0	1	0
"ENSG00000100036"	1	0	0	0
"ENSG00000100058"	0	0	0	1
"ENSG00000100097"	1	0	0	0
"ENSG00000100100"	1	1	1	1
"ENSG00000100147"	1	0	0	0
"ENSG00000100211"	1	0	0	0
"ENSG00000100218"	1	0	0	0
"ENSG00000100219"	1	1	1	1
"ENSG00000100221"	1	1	1	1
"ENSG00000100284"	0	1	1	1
"ENSG00000100325"	1	0	0	0
"ENSG00000100416"	1	1	0	1
"ENSG00000100422"	1	1	1	0
"ENSG00000100519"	0	0	1	0
"ENSG00000100596"	0	1	0	0
"ENSG00000100600"	1	0	0	0
"ENSG00000100628"	1	1	0	0
"ENSG00000100644"	0	1	0	0
"ENSG00000100711"	0	1	0	0
"ENSG00000100714"	0	0	0	1
"ENSG00000100902"	1	1	0	0
"ENSG00000100906"	1	1	1	1
"ENSG00000100949"	0	0	0	1
"ENSG00000100985"	1	0	0	0
"ENSG00000101082"	1	0	0	0
"ENSG00000101152"	1	0	0	0
"ENSG00000101187"	1	1	1	1
"ENSG00000101247"	0	1	0	0
"ENSG00000101255"	1	1	1	1
"ENSG00000101292"	1	0	0	0
"ENSG00000101331"	1	0	0	0
"ENSG00000101384"	1	1	1	1
"ENSG00000101421"	1	1	1	1
"ENSG00000101445"	1	1	1	0
"ENSG00000101452"	0	0	0	1
"ENSG00000101473"	0	0	1	0
"ENSG00000101544"	1	0	1	0
"ENSG00000101665"	1	1	1	1
"ENSG00000101773"	0	1	1	0
"ENSG00000101868"	1	1	0	1
"ENSG00000101888"	0	0	0	1
"ENSG00000101928"	0	1	0	0
"ENSG00000101935"	0	1	0	0
"ENSG00000102100"	0	0	0	1
"ENSG00000102265"	1	1	1	1
"ENSG00000102393"	0	1	1	1
"ENSG00000102471"	1	0	0	0
"ENSG00000102755"	1	1	1	1
"ENSG00000102760"	0	1	0	0
"ENSG00000102781"	0	0	1	0
"ENSG00000102786"	0	0	0	1
"ENSG00000102794"	1	1	1	1
"ENSG00000102796"	1	0	0	0
"ENSG00000102886"	0	1	1	0
"ENSG00000102897"	0	1	0	0
"ENSG00000102921"	1	1	1	1
"ENSG00000103150"	0	1	0	0
"ENSG00000103174"	0	1	0	0
"ENSG00000103245"	1	1	0	0
"ENSG00000103249"	0	0	1	1
"ENSG00000103257"	1	1	1	1
"ENSG00000103343"	0	1	0	0
"ENSG00000103365"	1	1	0	0
"ENSG00000103423"	0	1	0	0
"ENSG00000103496"	0	1	1	1
"ENSG00000103522"	1	1	1	1
"ENSG00000103569"	1	1	1	1
"ENSG00000103707"	1	1	1	1
"ENSG00000103811"	1	0	0	0
"ENSG00000103876"	1	1	1	0
"ENSG00000103966"	1	1	1	1
"ENSG00000104064"	1	1	1	1
"ENSG00000104129"	0	1	0	0
"ENSG00000104142"	0	1	1	1
"ENSG00000104267"	0	1	1	1
"ENSG00000104320"	1	1	1	1
"ENSG00000104361"	0	0	1	0
"ENSG00000104419"	0	1	1	1
"ENSG00000104549"	1	0	0	0
"ENSG00000104626"	1	0	0	0
"ENSG00000104689"	1	0	1	1
"ENSG00000104783"	1	1	0	0
"ENSG00000104825"	0	0	1	0
"ENSG00000104856"	1	1	1	0
"ENSG00000104880"	1	0	0	0
"ENSG00000104885"	1	1	1	1
"ENSG00000104886"	1	0	0	0
"ENSG00000104921"	0	1	0	0
"ENSG00000104973"	1	0	0	0
"ENSG00000105204"	0	1	0	0
"ENSG00000105227"	0	1	0	1
"ENSG00000105278"	0	1	0	1
"ENSG00000105281"	1	1	1	1
"ENSG00000105371"	0	1	1	1
"ENSG00000105499"	0	0	0	1
"ENSG00000105501"	1	1	0	1
"ENSG00000105509"	0	1	1	1
"ENSG00000105518"	1	0	1	1
"ENSG00000105519"	0	1	0	0
"ENSG00000105617"	0	0	0	1
"ENSG00000105643"	1	0	0	0
"ENSG00000105655"	0	0	0	1
"ENSG00000105708"	0	0	0	1
"ENSG00000105711"	0	1	1	1
"ENSG00000105717"	0	0	1	0
"ENSG00000105732"	0	1	0	0
"ENSG00000105767"	1	1	1	1
"ENSG00000105771"	1	0	0	0
"ENSG00000105829"	1	0	0	0
"ENSG00000105849"	1	1	1	1
"ENSG00000105879"	0	1	0	0
"ENSG00000105928"	0	1	0	0
"ENSG00000105953"	1	0	0	0
"ENSG00000106003"	1	0	0	0
"ENSG00000106077"	1	1	0	0
"ENSG00000106086"	0	0	0	1
"ENSG00000106089"	1	1	0	1
"ENSG00000106105"	0	1	1	1
"ENSG00000106366"	0	0	1	1
"ENSG00000106560"	1	1	0	0
"ENSG00000106608"	1	1	1	1
"ENSG00000106952"	1	1	1	1
"ENSG00000106991"	1	0	0	0
"ENSG00000107104"	0	1	0	0
"ENSG00000107130"	1	1	0	1
"ENSG00000107263"	1	1	1	1
"ENSG00000107338"	1	1	1	1
"ENSG00000107537"	0	0	1	0
"ENSG00000107551"	0	1	0	0
"ENSG00000107554"	1	1	1	1
"ENSG00000107566"	1	1	1	1
"ENSG00000107614"	1	0	0	0
"ENSG00000107968"	1	1	1	1
"ENSG00000108175"	0	1	1	1
"ENSG00000108179"	1	1	1	1
"ENSG00000108187"	0	1	0	0
"ENSG00000108342"	1	1	1	1
"ENSG00000108515"	1	1	1	1
"ENSG00000108551"	0	1	0	1
"ENSG00000108557"	1	0	0	0
"ENSG00000108582"	0	1	0	0
"ENSG00000108590"	0	1	0	0
"ENSG00000108641"	0	0	0	1
"ENSG00000108691"	0	0	1	1
"ENSG00000108771"	0	1	0	0
"ENSG00000108821"	1	1	1	1
"ENSG00000108826"	0	1	0	0
"ENSG00000108932"	1	1	1	1
"ENSG00000108984"	0	1	0	0
"ENSG00000109083"	1	1	1	1
"ENSG00000109320"	1	1	1	1
"ENSG00000109572"	0	1	0	0
"ENSG00000109667"	1	0	0	1
"ENSG00000110031"	0	1	1	1
"ENSG00000110047"	1	1	1	1
"ENSG00000110076"	1	1	0	1
"ENSG00000110169"	1	0	0	0
"ENSG00000110200"	1	0	0	0
"ENSG00000110237"	1	1	0	0
"ENSG00000110324"	1	1	1	0
"ENSG00000110330"	1	1	0	0
"ENSG00000110660"	0	1	1	1
"ENSG00000110713"	1	1	0	0
"ENSG00000110911"	1	1	1	1
"ENSG00000110944"	1	1	1	1
"ENSG00000110987"	0	0	1	0
"ENSG00000111058"	1	0	0	0
"ENSG00000111181"	0	0	0	1
"ENSG00000111266"	1	1	1	1
"ENSG00000111276"	0	1	1	0
"ENSG00000111319"	1	1	0	1
"ENSG00000111424"	1	1	1	1
"ENSG00000111490"	1	1	1	1
"ENSG00000111596"	1	1	1	1
"ENSG00000111641"	1	1	0	1
"ENSG00000111644"	0	0	1	0
"ENSG00000111653"	0	0	0	1
"ENSG00000111671"	0	1	0	0
"ENSG00000111817"	1	1	1	1
"ENSG00000111846"	1	0	0	1
"ENSG00000111850"	1	0	1	0
"ENSG00000111863"	0	1	1	1
"ENSG00000112033"	1	1	1	1
"ENSG00000112078"	1	1	1	1
"ENSG00000112096"	0	1	1	1
"ENSG00000112118"	0	1	0	1
"ENSG00000112137"	0	1	1	1
"ENSG00000112149"	0	1	1	1
"ENSG00000112234"	1	1	0	0
"ENSG00000112378"	1	0	0	0
"ENSG00000112394"	1	0	0	0
"ENSG00000112592"	0	1	0	1
"ENSG00000112599"	0	1	0	0
"ENSG00000112715"	1	1	1	1
"ENSG00000112972"	0	1	0	0
"ENSG00000112983"	1	1	0	1
"ENSG00000113369"	1	0	0	0
"ENSG00000113552"	1	1	1	1
"ENSG00000113595"	0	1	1	1
"ENSG00000113597"	1	0	0	0
"ENSG00000113615"	1	1	1	1
"ENSG00000113658"	0	0	1	0
"ENSG00000113749"	1	0	0	0
"ENSG00000113758"	1	1	1	1
"ENSG00000114030"	1	0	0	0
"ENSG00000114125"	1	0	0	0
"ENSG00000114126"	0	0	0	1
"ENSG00000114268"	1	1	0	0
"ENSG00000114302"	1	1	0	0
"ENSG00000114315"	1	1	1	1
"ENSG00000114346"	0	1	0	0
"ENSG00000114541"	1	1	1	1
"ENSG00000114554"	0	0	1	0
"ENSG00000114735"	0	0	0	1
"ENSG00000114988"	1	0	0	0
"ENSG00000115008"	1	1	1	1
"ENSG00000115009"	1	1	1	1
"ENSG00000115129"	0	0	0	1
"ENSG00000115221"	1	0	0	0
"ENSG00000115239"	0	1	0	0
"ENSG00000115364"	0	1	0	0
"ENSG00000115514"	0	0	1	0
"ENSG00000115590"	0	1	1	1
"ENSG00000115594"	1	1	1	1
"ENSG00000115598"	1	1	1	1
"ENSG00000115652"	0	1	0	0
"ENSG00000115657"	0	0	0	1
"ENSG00000115738"	1	1	1	1
"ENSG00000115756"	1	1	1	1
"ENSG00000115902"	1	0	1	0
"ENSG00000115919"	1	1	1	0
"ENSG00000115956"	0	1	1	1
"ENSG00000116106"	1	0	0	1
"ENSG00000116128"	0	1	0	1
"ENSG00000116151"	0	0	1	0
"ENSG00000116157"	1	1	0	0
"ENSG00000116205"	1	1	1	1
"ENSG00000116212"	0	0	0	1
"ENSG00000116260"	1	1	1	1
"ENSG00000116285"	1	0	0	0
"ENSG00000116514"	1	1	1	1
"ENSG00000116584"	1	1	1	1
"ENSG00000116663"	0	1	0	0
"ENSG00000116679"	0	1	0	0
"ENSG00000116711"	1	1	1	1
"ENSG00000116717"	1	1	0	1
"ENSG00000116815"	1	1	1	0
"ENSG00000116863"	0	1	1	0
"ENSG00000116883"	0	1	1	1
"ENSG00000116954"	0	0	1	1
"ENSG00000117009"	1	1	1	1
"ENSG00000117010"	1	0	0	0
"ENSG00000117091"	0	0	1	0
"ENSG00000117143"	0	1	0	0
"ENSG00000117226"	0	1	1	1
"ENSG00000117298"	1	1	1	1
"ENSG00000117318"	1	0	0	0
"ENSG00000117394"	1	1	1	1
"ENSG00000117411"	1	0	0	1
"ENSG00000117425"	0	0	1	0
"ENSG00000117448"	1	1	0	0
"ENSG00000117450"	1	0	0	0
"ENSG00000117525"	1	1	1	1
"ENSG00000117560"	0	0	1	0
"ENSG00000117594"	0	0	0	1
"ENSG00000117632"	0	0	0	1
"ENSG00000117751"	0	0	1	0
"ENSG00000117859"	0	1	1	0
"ENSG00000117868"	1	1	1	1
"ENSG00000118160"	1	1	0	1
"ENSG00000118412"	0	0	1	0
"ENSG00000118503"	1	1	1	1
"ENSG00000118514"	0	0	1	0
"ENSG00000118515"	0	0	0	1
"ENSG00000118689"	1	1	1	1
"ENSG00000118707"	1	1	1	1
"ENSG00000118971"	1	0	0	0
"ENSG00000118985"	1	1	1	1
"ENSG00000119326"	0	0	1	1
"ENSG00000119403"	1	1	1	1
"ENSG00000119508"	1	1	1	1
"ENSG00000119638"	1	0	0	0
"ENSG00000119660"	1	0	0	0
"ENSG00000119714"	0	1	0	1
"ENSG00000119737"	1	1	1	1
"ENSG00000119866"	1	0	0	1
"ENSG00000119906"	1	0	0	0
"ENSG00000119912"	0	0	1	0
"ENSG00000119922"	0	0	1	0
"ENSG00000119979"	1	0	0	0
"ENSG00000120051"	1	1	1	1
"ENSG00000120129"	1	0	0	0
"ENSG00000120159"	0	1	0	0
"ENSG00000120162"	1	0	0	0
"ENSG00000120254"	1	1	1	0
"ENSG00000120329"	0	1	0	0
"ENSG00000120437"	1	1	1	1
"ENSG00000120662"	1	0	0	0
"ENSG00000120694"	1	0	0	0
"ENSG00000120738"	1	1	1	1
"ENSG00000120868"	1	0	0	0
"ENSG00000120875"	1	1	0	0
"ENSG00000120889"	1	0	1	0
"ENSG00000120913"	1	1	0	0
"ENSG00000121057"	0	0	0	1
"ENSG00000121058"	0	1	0	0
"ENSG00000121289"	0	1	0	0
"ENSG00000121297"	1	1	0	0
"ENSG00000121417"	1	0	0	0
"ENSG00000121454"	0	0	1	0
"ENSG00000121486"	0	0	1	0
"ENSG00000121797"	1	1	1	1
"ENSG00000121807"	1	1	1	1
"ENSG00000121858"	1	1	1	1
"ENSG00000121897"	0	0	1	0
"ENSG00000121900"	1	1	1	1
"ENSG00000121957"	1	0	1	0
"ENSG00000122435"	0	0	0	1
"ENSG00000122483"	0	0	0	1
"ENSG00000122512"	1	0	0	0
"ENSG00000122641"	0	1	1	1
"ENSG00000122783"	1	0	0	0
"ENSG00000122861"	1	1	1	1
"ENSG00000122862"	0	1	0	0
"ENSG00000122877"	1	0	0	0
"ENSG00000123130"	1	1	0	0
"ENSG00000123136"	0	0	0	1
"ENSG00000123342"	1	0	1	0
"ENSG00000123358"	0	1	1	1
"ENSG00000123374"	0	0	0	1
"ENSG00000123395"	0	0	0	1
"ENSG00000123405"	1	1	1	1
"ENSG00000123444"	0	1	0	0
"ENSG00000123595"	1	1	0	0
"ENSG00000123600"	0	1	0	0
"ENSG00000123610"	1	1	1	1
"ENSG00000123685"	1	1	1	1
"ENSG00000123700"	1	1	1	0
"ENSG00000123810"	0	1	0	0
"ENSG00000123908"	1	1	1	1
"ENSG00000123975"	1	1	0	1
"ENSG00000124102"	1	1	1	1
"ENSG00000124103"	1	1	1	1
"ENSG00000124120"	1	1	1	1
"ENSG00000124145"	0	1	1	0
"ENSG00000124216"	1	1	0	0
"ENSG00000124224"	1	0	0	0
"ENSG00000124225"	1	1	1	1
"ENSG00000124233"	0	0	0	1
"ENSG00000124334"	1	1	1	0
"ENSG00000124391"	0	1	1	1
"ENSG00000124459"	0	0	0	1
"ENSG00000124466"	1	1	1	1
"ENSG00000124508"	0	1	1	0
"ENSG00000124532"	0	0	0	1
"ENSG00000124541"	1	0	0	1
"ENSG00000124575"	0	0	0	1
"ENSG00000124588"	1	0	0	0
"ENSG00000124659"	0	1	1	1
"ENSG00000124762"	1	1	1	1
"ENSG00000124788"	1	1	1	1
"ENSG00000124882"	1	1	1	1
"ENSG00000125245"	1	1	0	1
"ENSG00000125266"	1	0	1	0
"ENSG00000125430"	1	1	1	1
"ENSG00000125450"	0	1	0	0
"ENSG00000125454"	1	0	0	1
"ENSG00000125462"	1	1	1	1
"ENSG00000125510"	0	1	0	0
"ENSG00000125538"	1	1	1	1
"ENSG00000125633"	1	1	1	1
"ENSG00000125703"	1	0	0	0
"ENSG00000125730"	1	1	1	1
"ENSG00000125731"	1	1	1	1
"ENSG00000125733"	1	1	1	1
"ENSG00000125735"	1	1	1	1
"ENSG00000125740"	1	0	0	0
"ENSG00000125741"	1	1	0	1
"ENSG00000125744"	1	0	0	1
"ENSG00000125746"	1	1	1	1
"ENSG00000125775"	0	1	0	1
"ENSG00000125780"	0	1	1	1
"ENSG00000125810"	1	0	0	0
"ENSG00000125845"	1	1	0	0
"ENSG00000125846"	0	1	0	0
"ENSG00000125898"	1	0	0	0
"ENSG00000125910"	0	1	0	0
"ENSG00000125945"	1	0	0	0
"ENSG00000126003"	1	1	1	0
"ENSG00000126107"	0	1	0	0
"ENSG00000126216"	1	1	0	0
"ENSG00000126264"	0	0	1	1
"ENSG00000126368"	1	1	1	1
"ENSG00000126583"	0	0	0	1
"ENSG00000126767"	1	0	0	0
"ENSG00000126803"	1	1	1	1
"ENSG00000126814"	0	1	1	0
"ENSG00000126822"	0	1	0	0
"ENSG00000127074"	1	0	0	1
"ENSG00000127399"	0	1	0	0
"ENSG00000127418"	1	0	0	0
"ENSG00000127481"	1	1	1	0
"ENSG00000127528"	1	0	0	0
"ENSG00000127666"	1	1	1	0
"ENSG00000127831"	0	0	0	1
"ENSG00000127947"	1	1	1	1
"ENSG00000127948"	1	1	0	0
"ENSG00000127989"	0	1	1	0
"ENSG00000127993"	0	1	0	0
"ENSG00000128016"	0	1	1	1
"ENSG00000128268"	1	1	1	1
"ENSG00000128271"	1	1	1	1
"ENSG00000128309"	0	1	0	0
"ENSG00000128311"	1	0	1	0
"ENSG00000128342"	1	1	1	1
"ENSG00000128422"	0	1	1	1
"ENSG00000128512"	0	1	1	1
"ENSG00000128524"	0	0	1	0
"ENSG00000128536"	0	0	0	1
"ENSG00000128872"	1	1	1	1
"ENSG00000128917"	1	0	0	1
"ENSG00000128944"	0	0	0	1
"ENSG00000128965"	0	1	1	1
"ENSG00000129116"	0	0	0	1
"ENSG00000129219"	1	0	0	0
"ENSG00000129226"	1	1	1	1
"ENSG00000129255"	0	1	1	1
"ENSG00000129295"	1	0	1	0
"ENSG00000129450"	0	1	0	0
"ENSG00000129534"	0	1	0	0
"ENSG00000129682"	0	0	1	0
"ENSG00000129749"	1	1	1	1
"ENSG00000129757"	1	0	0	0
"ENSG00000130052"	1	1	1	1
"ENSG00000130164"	1	1	1	1
"ENSG00000130167"	0	0	0	1
"ENSG00000130222"	1	0	0	1
"ENSG00000130312"	0	0	0	1
"ENSG00000130340"	1	1	1	1
"ENSG00000130449"	1	1	1	1
"ENSG00000130479"	0	1	0	0
"ENSG00000130513"	0	1	0	1
"ENSG00000130584"	0	0	1	0
"ENSG00000130595"	0	0	0	1
"ENSG00000130714"	1	0	0	0
"ENSG00000130764"	0	1	0	0
"ENSG00000130766"	1	1	0	0
"ENSG00000130821"	0	0	0	1
"ENSG00000130826"	1	1	0	0
"ENSG00000130827"	1	0	0	0
"ENSG00000130830"	1	1	1	1
"ENSG00000130844"	1	1	1	1
"ENSG00000131002"	0	0	1	0
"ENSG00000131115"	1	1	0	1
"ENSG00000131188"	0	0	0	1
"ENSG00000131323"	1	1	1	1
"ENSG00000131351"	0	1	0	1
"ENSG00000131370"	1	1	1	1
"ENSG00000131400"	1	1	0	0
"ENSG00000131652"	1	1	1	1
"ENSG00000131669"	1	1	1	1
"ENSG00000131781"	0	1	0	0
"ENSG00000131791"	0	1	0	0
"ENSG00000131979"	1	1	1	1
"ENSG00000131981"	1	1	1	1
"ENSG00000132109"	0	1	0	1
"ENSG00000132170"	1	1	0	0
"ENSG00000132199"	1	1	1	1
"ENSG00000132357"	1	1	0	1
"ENSG00000132432"	0	0	1	0
"ENSG00000132507"	0	1	0	0
"ENSG00000132510"	0	1	1	1
"ENSG00000132570"	1	0	0	0
"ENSG00000132603"	0	0	0	1
"ENSG00000132669"	0	1	0	0
"ENSG00000132792"	1	1	1	1
"ENSG00000132801"	0	1	0	0
"ENSG00000132965"	0	1	0	0
"ENSG00000133065"	0	0	0	1
"ENSG00000133250"	1	0	0	0
"ENSG00000133477"	1	0	0	1
"ENSG00000133561"	0	1	0	1
"ENSG00000133574"	1	1	1	1
"ENSG00000133612"	1	1	1	1
"ENSG00000133624"	1	0	0	1
"ENSG00000133657"	1	1	1	1
"ENSG00000133800"	0	1	0	0
"ENSG00000133805"	1	0	1	1
"ENSG00000133818"	0	0	1	0
"ENSG00000133858"	0	1	0	0
"ENSG00000134070"	1	1	1	1
"ENSG00000134077"	0	1	0	0
"ENSG00000134086"	1	1	1	0
"ENSG00000134107"	1	1	1	1
"ENSG00000134152"	1	1	1	1
"ENSG00000134183"	0	1	0	0
"ENSG00000134201"	1	0	0	0
"ENSG00000134202"	1	0	0	0
"ENSG00000134255"	1	1	0	1
"ENSG00000134278"	1	0	0	0
"ENSG00000134285"	0	1	0	0
"ENSG00000134291"	0	1	0	0
"ENSG00000134294"	1	0	0	1
"ENSG00000134489"	0	1	0	0
"ENSG00000134508"	1	1	0	0
"ENSG00000134531"	1	1	0	0
"ENSG00000134594"	0	1	1	0
"ENSG00000134627"	1	0	1	1
"ENSG00000134780"	1	0	0	0
"ENSG00000134802"	1	1	1	1
"ENSG00000134955"	1	0	0	0
"ENSG00000135047"	1	1	0	0
"ENSG00000135077"	1	0	0	0
"ENSG00000135148"	1	0	0	0
"ENSG00000135241"	0	1	1	0
"ENSG00000135269"	1	1	1	0
"ENSG00000135362"	1	0	1	0
"ENSG00000135424"	0	0	1	0
"ENSG00000135446"	0	0	1	0
"ENSG00000135476"	1	1	1	1
"ENSG00000135503"	1	1	1	1
"ENSG00000135541"	0	1	1	1
"ENSG00000135723"	1	1	1	1
"ENSG00000135740"	0	1	0	1
"ENSG00000135823"	1	1	0	1
"ENSG00000135845"	0	1	0	0
"ENSG00000135900"	1	1	1	1
"ENSG00000135905"	1	1	1	1
"ENSG00000135926"	1	1	0	0
"ENSG00000135931"	1	1	1	1
"ENSG00000135951"	0	1	0	1
"ENSG00000136026"	1	0	0	0
"ENSG00000136052"	0	1	0	0
"ENSG00000136059"	1	1	1	1
"ENSG00000136244"	1	1	1	1
"ENSG00000136280"	0	1	0	0
"ENSG00000136319"	0	1	0	0
"ENSG00000136367"	1	1	1	1
"ENSG00000136371"	1	1	1	1
"ENSG00000136379"	1	1	0	0
"ENSG00000136448"	0	1	0	0
"ENSG00000136463"	0	1	0	0
"ENSG00000136603"	1	1	1	1
"ENSG00000136630"	1	1	1	1
"ENSG00000136689"	1	1	1	1
"ENSG00000136816"	1	0	0	0
"ENSG00000136830"	1	0	0	0
"ENSG00000136840"	1	0	0	0
"ENSG00000137070"	1	1	0	0
"ENSG00000137094"	1	0	0	0
"ENSG00000137218"	0	1	0	0
"ENSG00000137221"	1	0	0	0
"ENSG00000137267"	1	0	0	0
"ENSG00000137309"	1	1	1	1
"ENSG00000137312"	1	1	0	0
"ENSG00000137331"	1	1	1	1
"ENSG00000137337"	0	1	0	1
"ENSG00000137364"	0	1	1	0
"ENSG00000137462"	0	1	0	0
"ENSG00000137496"	0	0	0	1
"ENSG00000137497"	1	1	0	0
"ENSG00000137571"	1	0	0	0
"ENSG00000137601"	1	1	0	0
"ENSG00000137692"	0	0	0	1
"ENSG00000137726"	1	0	0	0
"ENSG00000137747"	1	0	0	1
"ENSG00000137801"	1	1	1	1
"ENSG00000137877"	1	1	1	1
"ENSG00000137936"	1	0	0	0
"ENSG00000137942"	0	1	0	0
"ENSG00000137992"	0	1	0	0
"ENSG00000138031"	0	0	1	1
"ENSG00000138166"	0	1	1	1
"ENSG00000138303"	0	1	1	0
"ENSG00000138378"	1	1	1	1
"ENSG00000138381"	0	0	0	1
"ENSG00000138386"	1	1	0	0
"ENSG00000138448"	0	1	0	0
"ENSG00000138449"	0	0	1	1
"ENSG00000138495"	1	0	0	0
"ENSG00000138604"	0	0	0	1
"ENSG00000138617"	0	0	1	0
"ENSG00000138621"	0	0	1	0
"ENSG00000138821"	1	1	1	1
"ENSG00000139132"	1	1	1	1
"ENSG00000139190"	1	0	0	1
"ENSG00000139289"	1	1	1	1
"ENSG00000139318"	1	1	0	0
"ENSG00000139438"	0	0	0	1
"ENSG00000139514"	1	1	1	0
"ENSG00000139572"	1	1	1	1
"ENSG00000139629"	1	0	0	0
"ENSG00000139679"	0	0	0	1
"ENSG00000139722"	0	1	0	0
"ENSG00000139725"	1	1	1	1
"ENSG00000139880"	0	0	1	0
"ENSG00000139899"	0	1	0	0
"ENSG00000139908"	1	0	0	0
"ENSG00000139926"	1	0	0	1
"ENSG00000140104"	0	0	1	0
"ENSG00000140326"	0	1	0	0
"ENSG00000140379"	0	1	1	1
"ENSG00000140391"	1	0	0	1
"ENSG00000140519"	1	1	1	1
"ENSG00000140548"	1	0	1	1
"ENSG00000140650"	0	1	0	0
"ENSG00000140678"	0	1	1	1
"ENSG00000140807"	1	1	1	1
"ENSG00000140859"	1	1	1	1
"ENSG00000140955"	0	1	1	1
"ENSG00000140993"	0	0	1	0
"ENSG00000141096"	0	1	0	0
"ENSG00000141219"	0	1	0	0
"ENSG00000141404"	0	0	0	1
"ENSG00000141425"	1	0	0	0
"ENSG00000141499"	1	1	1	1
"ENSG00000141506"	1	0	1	1
"ENSG00000141564"	0	0	1	1
"ENSG00000141568"	0	1	1	1
"ENSG00000141994"	1	0	0	0
"ENSG00000142065"	0	0	0	1
"ENSG00000142185"	1	1	1	1
"ENSG00000142227"	1	0	0	0
"ENSG00000142252"	1	1	0	1
"ENSG00000142319"	1	1	1	1
"ENSG00000142396"	1	0	0	0
"ENSG00000142444"	0	0	0	1
"ENSG00000142528"	1	1	0	0
"ENSG00000143067"	1	1	1	1
"ENSG00000143107"	0	0	0	1
"ENSG00000143127"	0	0	0	1
"ENSG00000143314"	0	1	0	0
"ENSG00000143320"	0	1	0	1
"ENSG00000143337"	1	1	0	1
"ENSG00000143353"	1	0	0	0
"ENSG00000143390"	1	0	0	0
"ENSG00000143452"	1	0	0	0
"ENSG00000143479"	0	0	1	1
"ENSG00000143486"	0	1	0	1
"ENSG00000143545"	1	0	1	0
"ENSG00000143554"	0	0	0	1
"ENSG00000143633"	0	0	1	1
"ENSG00000143702"	1	1	1	1
"ENSG00000143740"	0	0	0	1
"ENSG00000143850"	0	0	0	1
"ENSG00000143851"	1	1	1	1
"ENSG00000143995"	0	0	1	0
"ENSG00000144362"	0	1	0	0
"ENSG00000144401"	1	1	1	1
"ENSG00000144426"	1	1	1	1
"ENSG00000144504"	1	0	0	0
"ENSG00000144550"	0	0	0	1
"ENSG00000144597"	1	1	1	0
"ENSG00000144655"	0	1	1	1
"ENSG00000144671"	1	1	1	1
"ENSG00000144677"	1	1	1	1
"ENSG00000144749"	0	1	0	0
"ENSG00000144802"	1	1	1	1
"ENSG00000144824"	1	1	1	1
"ENSG00000144827"	0	0	1	0
"ENSG00000145041"	1	0	0	0
"ENSG00000145244"	0	1	0	0
"ENSG00000145247"	0	1	0	0
"ENSG00000145331"	0	0	0	1
"ENSG00000145414"	1	1	1	1
"ENSG00000145416"	1	1	1	1
"ENSG00000145545"	0	0	1	0
"ENSG00000145555"	1	0	0	1
"ENSG00000145632"	1	1	1	1
"ENSG00000145734"	1	0	0	0
"ENSG00000145882"	0	1	0	0
"ENSG00000145901"	1	1	1	1
"ENSG00000145911"	1	1	1	1
"ENSG00000145912"	0	0	0	1
"ENSG00000145979"	0	1	1	1
"ENSG00000146122"	1	0	0	0
"ENSG00000146232"	1	1	1	1
"ENSG00000146278"	0	1	1	1
"ENSG00000146376"	1	1	1	1
"ENSG00000146425"	0	1	1	1
"ENSG00000146457"	1	1	1	1
"ENSG00000146530"	0	1	1	1
"ENSG00000146535"	1	1	1	1
"ENSG00000146556"	0	1	0	0
"ENSG00000146676"	0	1	0	1
"ENSG00000146707"	0	1	1	0
"ENSG00000146842"	0	0	0	1
"ENSG00000147443"	0	1	0	0
"ENSG00000147536"	0	1	0	0
"ENSG00000147601"	0	1	0	0
"ENSG00000147872"	0	1	1	1
"ENSG00000147996"	1	0	1	1
"ENSG00000148344"	1	1	1	1
"ENSG00000148384"	0	0	0	1
"ENSG00000148399"	1	0	0	0
"ENSG00000148411"	0	1	0	0
"ENSG00000148606"	1	0	0	0
"ENSG00000148834"	1	1	1	0
"ENSG00000148835"	0	1	0	0
"ENSG00000148841"	1	1	1	1
"ENSG00000148926"	1	0	0	1
"ENSG00000149269"	0	1	0	0
"ENSG00000149289"	1	1	1	1
"ENSG00000149292"	0	1	0	0
"ENSG00000149313"	0	0	1	0
"ENSG00000149476"	0	0	1	1
"ENSG00000149636"	0	1	1	0
"ENSG00000149716"	0	1	0	0
"ENSG00000149782"	1	0	0	0
"ENSG00000150048"	1	1	1	1
"ENSG00000150093"	0	1	0	0
"ENSG00000150401"	1	1	0	0
"ENSG00000150403"	1	0	0	0
"ENSG00000150527"	0	0	1	0
"ENSG00000150681"	0	0	1	0
"ENSG00000150776"	0	1	0	1
"ENSG00000150787"	1	0	0	0
"ENSG00000150967"	0	0	0	1
"ENSG00000150977"	1	1	1	1
"ENSG00000151012"	1	1	1	1
"ENSG00000151014"	1	1	1	1
"ENSG00000151247"	1	1	1	1
"ENSG00000151445"	0	1	0	0
"ENSG00000151665"	0	0	0	1
"ENSG00000151689"	1	1	1	0
"ENSG00000151694"	0	1	1	0
"ENSG00000151702"	0	1	0	0
"ENSG00000151715"	1	0	0	0
"ENSG00000151725"	0	1	0	1
"ENSG00000151748"	0	1	0	0
"ENSG00000151929"	1	0	0	1
"ENSG00000151967"	1	0	0	0
"ENSG00000152240"	0	0	0	1
"ENSG00000152409"	1	1	1	1
"ENSG00000152413"	0	1	1	1
"ENSG00000152457"	0	1	0	0
"ENSG00000152484"	1	1	1	0
"ENSG00000152487"	0	1	1	1
"ENSG00000152518"	1	0	0	0
"ENSG00000152556"	0	0	0	1
"ENSG00000152642"	0	1	0	0
"ENSG00000152684"	1	0	0	0
"ENSG00000152689"	1	1	1	1
"ENSG00000152766"	1	1	0	0
"ENSG00000152784"	1	1	1	1
"ENSG00000152804"	0	1	0	0
"ENSG00000153162"	1	1	1	1
"ENSG00000153165"	0	1	0	0
"ENSG00000153201"	1	1	1	1
"ENSG00000153291"	1	0	0	0
"ENSG00000153395"	1	1	1	1
"ENSG00000153485"	0	1	1	1
"ENSG00000153487"	1	1	0	0
"ENSG00000153531"	0	1	1	0
"ENSG00000153721"	0	1	0	0
"ENSG00000153767"	0	0	1	1
"ENSG00000153922"	1	1	0	0
"ENSG00000153976"	1	1	1	1
"ENSG00000154099"	0	1	1	1
"ENSG00000154122"	1	0	0	0
"ENSG00000154153"	0	0	1	0
"ENSG00000154269"	0	0	0	1
"ENSG00000154537"	0	1	0	0
"ENSG00000154608"	0	0	1	0
"ENSG00000154640"	1	1	0	0
"ENSG00000154678"	1	1	0	1
"ENSG00000154978"	1	1	1	1
"ENSG00000155090"	1	1	1	1
"ENSG00000155096"	1	1	1	1
"ENSG00000155097"	1	1	1	1
"ENSG00000155115"	1	0	1	0
"ENSG00000155307"	1	1	1	1
"ENSG00000155506"	1	0	0	0
"ENSG00000155621"	0	0	1	0
"ENSG00000155850"	1	1	1	1
"ENSG00000155903"	1	1	0	1
"ENSG00000155926"	1	0	0	0
"ENSG00000155961"	1	0	0	0
"ENSG00000156030"	1	0	0	0
"ENSG00000156381"	0	0	0	1
"ENSG00000156384"	0	1	1	1
"ENSG00000156414"	0	0	0	1
"ENSG00000156535"	1	1	1	1
"ENSG00000156711"	1	1	1	1
"ENSG00000156831"	0	1	1	1
"ENSG00000156886"	1	1	1	1
"ENSG00000156928"	0	1	0	0
"ENSG00000156966"	1	1	0	0
"ENSG00000157014"	0	0	0	1
"ENSG00000157017"	1	0	0	0
"ENSG00000157184"	0	1	0	0
"ENSG00000157303"	1	0	0	0
"ENSG00000157353"	0	0	0	1
"ENSG00000157379"	0	1	0	0
"ENSG00000157456"	0	1	0	0
"ENSG00000157557"	1	1	1	1
"ENSG00000157593"	1	1	1	1
"ENSG00000157764"	1	1	1	1
"ENSG00000157823"	1	0	1	0
"ENSG00000158023"	1	0	0	0
"ENSG00000158050"	0	1	1	1
"ENSG00000158246"	1	0	0	0
"ENSG00000158292"	1	1	0	0
"ENSG00000158321"	1	1	1	0
"ENSG00000158373"	0	0	0	1
"ENSG00000158406"	0	0	0	1
"ENSG00000158473"	0	1	0	1
"ENSG00000158615"	0	1	0	0
"ENSG00000158669"	1	1	1	0
"ENSG00000158869"	0	1	1	1
"ENSG00000158882"	1	1	1	1
"ENSG00000159055"	0	0	1	0
"ENSG00000159082"	0	1	0	0
"ENSG00000159128"	1	1	1	0
"ENSG00000159208"	1	1	0	0
"ENSG00000159214"	0	1	0	0
"ENSG00000159459"	1	1	1	1
"ENSG00000159479"	0	0	0	1
"ENSG00000159556"	0	1	0	0
"ENSG00000159588"	0	1	0	0
"ENSG00000159625"	0	0	0	1
"ENSG00000159882"	0	1	0	0
"ENSG00000160179"	1	1	0	1
"ENSG00000160201"	1	0	0	0
"ENSG00000160209"	1	1	1	1
"ENSG00000160213"	0	1	0	0
"ENSG00000160223"	1	0	0	0
"ENSG00000160256"	0	0	1	0
"ENSG00000160271"	1	1	1	1
"ENSG00000160285"	0	1	1	1
"ENSG00000160321"	0	0	1	0
"ENSG00000160325"	1	0	0	0
"ENSG00000160326"	0	1	1	1
"ENSG00000160408"	1	0	0	0
"ENSG00000160447"	0	0	0	1
"ENSG00000160460"	0	0	0	1
"ENSG00000160584"	1	0	0	0
"ENSG00000160683"	0	0	1	0
"ENSG00000160703"	0	1	0	0
"ENSG00000160789"	1	0	0	0
"ENSG00000160803"	1	1	1	0
"ENSG00000160856"	0	0	0	1
"ENSG00000160886"	0	1	0	0
"ENSG00000160949"	1	1	1	1
"ENSG00000161011"	1	1	1	1
"ENSG00000161091"	1	1	1	1
"ENSG00000161270"	1	1	1	1
"ENSG00000161542"	0	1	1	1
"ENSG00000161638"	1	0	0	1
"ENSG00000161642"	0	0	1	1
"ENSG00000161714"	1	0	0	0
"ENSG00000161791"	1	1	1	0
"ENSG00000161835"	1	1	1	1
"ENSG00000161960"	1	0	0	0
"ENSG00000162194"	0	0	0	1
"ENSG00000162300"	0	1	0	0
"ENSG00000162302"	0	0	0	1
"ENSG00000162407"	1	1	1	1
"ENSG00000162413"	1	1	1	1
"ENSG00000162438"	0	1	1	1
"ENSG00000162490"	1	0	0	0
"ENSG00000162510"	0	0	1	1
"ENSG00000162526"	1	0	0	0
"ENSG00000162645"	0	1	0	0
"ENSG00000162711"	1	1	1	1
"ENSG00000162733"	1	1	1	1
"ENSG00000162739"	0	1	1	1
"ENSG00000162783"	1	1	1	1
"ENSG00000162924"	1	1	1	1
"ENSG00000162927"	0	0	0	1
"ENSG00000162929"	1	1	0	0
"ENSG00000162961"	0	0	1	1
"ENSG00000163006"	1	1	1	1
"ENSG00000163009"	0	0	0	1
"ENSG00000163082"	0	1	1	1
"ENSG00000163083"	0	0	0	1
"ENSG00000163121"	0	1	1	1
"ENSG00000163154"	0	1	1	1
"ENSG00000163159"	0	1	0	1
"ENSG00000163171"	1	1	1	1
"ENSG00000163251"	0	0	0	1
"ENSG00000163297"	1	1	1	1
"ENSG00000163362"	1	1	1	0
"ENSG00000163376"	1	1	0	0
"ENSG00000163378"	1	0	0	0
"ENSG00000163435"	0	1	0	0
"ENSG00000163531"	1	0	1	1
"ENSG00000163558"	1	1	1	0
"ENSG00000163584"	0	0	0	1
"ENSG00000163605"	1	1	0	0
"ENSG00000163606"	0	0	1	0
"ENSG00000163626"	0	1	0	0
"ENSG00000163659"	0	1	0	0
"ENSG00000163660"	1	0	0	0
"ENSG00000163661"	1	1	1	1
"ENSG00000163734"	1	1	1	1
"ENSG00000163739"	1	1	1	1
"ENSG00000163746"	1	0	0	0
"ENSG00000163814"	1	1	1	1
"ENSG00000163870"	0	1	1	1
"ENSG00000163874"	1	1	1	1
"ENSG00000163932"	1	0	1	0
"ENSG00000163933"	1	1	0	0
"ENSG00000163961"	1	1	1	0
"ENSG00000163975"	1	1	1	1
"ENSG00000164008"	0	0	0	1
"ENSG00000164023"	1	1	1	1
"ENSG00000164050"	0	0	1	0
"ENSG00000164051"	1	0	0	0
"ENSG00000164056"	1	1	0	0
"ENSG00000164086"	0	1	0	0
"ENSG00000164111"	0	1	1	1
"ENSG00000164125"	0	0	0	1
"ENSG00000164142"	1	1	0	1
"ENSG00000164169"	1	1	0	0
"ENSG00000164181"	0	1	1	1
"ENSG00000164182"	0	1	1	1
"ENSG00000164211"	1	0	0	0
"ENSG00000164221"	0	1	0	1
"ENSG00000164236"	1	1	1	1
"ENSG00000164251"	1	0	1	0
"ENSG00000164304"	0	1	0	0
"ENSG00000164404"	0	0	0	1
"ENSG00000164414"	0	0	0	1
"ENSG00000164442"	1	0	0	1
"ENSG00000164535"	1	0	0	0
"ENSG00000164576"	0	1	0	0
"ENSG00000164626"	1	1	1	1
"ENSG00000164691"	0	1	1	1
"ENSG00000164708"	1	0	0	0
"ENSG00000164713"	0	1	1	1
"ENSG00000164877"	1	1	1	1
"ENSG00000164949"	1	1	1	1
"ENSG00000164961"	0	0	1	1
"ENSG00000164967"	0	1	0	0
"ENSG00000164975"	0	1	0	0
"ENSG00000164985"	0	1	0	0
"ENSG00000165006"	1	1	1	1
"ENSG00000165029"	0	1	1	1
"ENSG00000165030"	0	1	0	1
"ENSG00000165102"	1	1	1	1
"ENSG00000165169"	1	1	0	0
"ENSG00000165195"	0	1	0	0
"ENSG00000165233"	1	0	0	0
"ENSG00000165474"	0	1	1	1
"ENSG00000165475"	1	0	0	0
"ENSG00000165512"	0	0	0	1
"ENSG00000165685"	1	1	1	1
"ENSG00000165714"	1	1	1	1
"ENSG00000165782"	1	1	1	1
"ENSG00000165806"	0	0	1	0
"ENSG00000165819"	0	1	0	0
"ENSG00000165879"	1	1	1	1
"ENSG00000165997"	0	1	1	1
"ENSG00000166004"	1	1	0	0
"ENSG00000166128"	0	1	0	0
"ENSG00000166140"	0	1	0	0
"ENSG00000166147"	1	1	1	1
"ENSG00000166189"	0	1	1	0
"ENSG00000166233"	1	1	0	1
"ENSG00000166263"	0	0	0	1
"ENSG00000166295"	1	0	0	0
"ENSG00000166311"	0	0	1	0
"ENSG00000166340"	1	1	1	1
"ENSG00000166343"	1	1	1	0
"ENSG00000166394"	0	1	1	1
"ENSG00000166401"	1	1	1	1
"ENSG00000166471"	1	1	1	1
"ENSG00000166477"	0	1	0	0
"ENSG00000166482"	1	1	1	1
"ENSG00000166484"	0	1	0	1
"ENSG00000166507"	1	0	0	0
"ENSG00000166589"	0	0	1	1
"ENSG00000166592"	1	1	1	1
"ENSG00000166681"	0	0	0	1
"ENSG00000166689"	0	0	0	1
"ENSG00000166704"	0	1	0	1
"ENSG00000166747"	0	1	0	0
"ENSG00000166793"	1	0	0	0
"ENSG00000166825"	1	1	1	1
"ENSG00000166839"	1	1	1	1
"ENSG00000166855"	0	1	0	0
"ENSG00000166886"	1	0	1	1
"ENSG00000166912"	1	0	0	0
"ENSG00000166920"	1	1	1	1
"ENSG00000166928"	0	0	0	1
"ENSG00000166949"	1	0	0	0
"ENSG00000167046"	0	0	1	1
"ENSG00000167077"	1	1	1	0
"ENSG00000167105"	1	0	0	0
"ENSG00000167107"	0	1	0	0
"ENSG00000167186"	1	0	0	0
"ENSG00000167210"	1	1	1	1
"ENSG00000167291"	1	1	1	1
"ENSG00000167380"	0	1	0	0
"ENSG00000167384"	1	1	1	0
"ENSG00000167393"	0	0	1	1
"ENSG00000167447"	1	1	0	1
"ENSG00000167487"	0	1	0	0
"ENSG00000167508"	1	1	1	1
"ENSG00000167515"	0	0	0	1
"ENSG00000167522"	0	0	1	1
"ENSG00000167525"	0	0	1	0
"ENSG00000167536"	0	1	0	0
"ENSG00000167562"	0	1	0	0
"ENSG00000167604"	1	1	1	1
"ENSG00000167612"	0	0	1	1
"ENSG00000167680"	1	1	1	1
"ENSG00000167695"	1	1	0	0
"ENSG00000167702"	0	1	1	1
"ENSG00000167703"	1	1	1	1
"ENSG00000167705"	1	0	0	0
"ENSG00000167778"	0	1	0	0
"ENSG00000167874"	1	1	1	1
"ENSG00000167904"	0	1	0	0
"ENSG00000167992"	0	0	0	1
"ENSG00000167996"	0	1	0	1
"ENSG00000168003"	0	1	1	1
"ENSG00000168005"	1	0	0	0
"ENSG00000168040"	1	0	0	0
"ENSG00000168152"	0	1	0	0
"ENSG00000168209"	1	1	1	1
"ENSG00000168229"	1	0	0	0
"ENSG00000168260"	0	1	0	0
"ENSG00000168264"	1	1	1	1
"ENSG00000168269"	0	0	0	1
"ENSG00000168286"	0	0	0	1
"ENSG00000168298"	1	1	0	1
"ENSG00000168329"	1	1	1	1
"ENSG00000168389"	1	1	1	1
"ENSG00000168421"	0	1	1	1
"ENSG00000168502"	1	0	1	0
"ENSG00000168517"	0	0	1	0
"ENSG00000168615"	1	1	0	0
"ENSG00000168734"	1	1	1	1
"ENSG00000168746"	1	1	1	1
"ENSG00000168813"	1	1	0	1
"ENSG00000168890"	0	1	0	0
"ENSG00000168916"	0	1	0	0
"ENSG00000168994"	0	1	0	1
"ENSG00000169018"	0	1	0	0
"ENSG00000169032"	1	1	0	0
"ENSG00000169057"	1	1	1	1
"ENSG00000169131"	1	0	0	0
"ENSG00000169155"	1	1	1	1
"ENSG00000169184"	1	1	1	1
"ENSG00000169228"	1	0	0	0
"ENSG00000169247"	0	1	0	1
"ENSG00000169249"	1	0	0	0
"ENSG00000169251"	1	1	0	0
"ENSG00000169255"	1	0	0	0
"ENSG00000169299"	1	1	0	0
"ENSG00000169429"	0	1	1	1
"ENSG00000169495"	0	0	1	1
"ENSG00000169504"	0	1	0	0
"ENSG00000169508"	0	1	0	0
"ENSG00000169554"	0	1	0	1
"ENSG00000169598"	0	1	0	0
"ENSG00000169607"	1	1	1	1
"ENSG00000169612"	0	0	0	1
"ENSG00000169621"	0	1	0	0
"ENSG00000169641"	1	0	0	0
"ENSG00000169682"	0	0	1	0
"ENSG00000169710"	0	0	1	0
"ENSG00000169756"	1	1	1	1
"ENSG00000169826"	0	1	0	0
"ENSG00000169905"	1	0	0	0
"ENSG00000169914"	0	1	0	0
"ENSG00000169925"	1	0	0	0
"ENSG00000169951"	1	0	0	0
"ENSG00000169955"	1	0	0	0
"ENSG00000169962"	0	1	0	0
"ENSG00000169972"	0	1	0	0
"ENSG00000170037"	0	0	1	0
"ENSG00000170142"	0	1	1	0
"ENSG00000170145"	1	1	1	1
"ENSG00000170242"	1	1	1	0
"ENSG00000170322"	1	0	0	0
"ENSG00000170345"	1	1	1	1
"ENSG00000170425"	1	1	1	1
"ENSG00000170448"	1	1	1	1
"ENSG00000170468"	0	0	1	0
"ENSG00000170500"	1	1	0	0
"ENSG00000170509"	0	0	1	0
"ENSG00000170525"	0	1	1	1
"ENSG00000170542"	1	1	1	1
"ENSG00000170604"	0	1	0	0
"ENSG00000170653"	0	1	0	0
"ENSG00000170779"	0	0	1	0
"ENSG00000170801"	1	1	0	1
"ENSG00000170915"	0	1	0	0
"ENSG00000170919"	1	1	0	0
"ENSG00000170962"	0	0	1	0
"ENSG00000170989"	1	0	0	0
"ENSG00000171045"	0	0	1	1
"ENSG00000171101"	0	0	0	1
"ENSG00000171115"	0	1	0	1
"ENSG00000171174"	0	0	0	1
"ENSG00000171208"	1	0	0	0
"ENSG00000171219"	0	1	1	1
"ENSG00000171262"	0	0	0	1
"ENSG00000171425"	0	0	1	0
"ENSG00000171467"	1	1	0	0
"ENSG00000171617"	1	0	0	0
"ENSG00000171621"	0	1	0	1
"ENSG00000171681"	1	0	0	0
"ENSG00000171786"	1	0	0	0
"ENSG00000171848"	0	1	1	1
"ENSG00000171860"	1	1	1	1
"ENSG00000171865"	0	1	0	0
"ENSG00000171867"	1	1	1	1
"ENSG00000171916"	0	1	0	0
"ENSG00000172006"	0	1	1	0
"ENSG00000172007"	0	0	1	0
"ENSG00000172009"	1	0	1	0
"ENSG00000172071"	0	1	1	1
"ENSG00000172086"	0	0	1	1
"ENSG00000172113"	0	1	0	1
"ENSG00000172345"	1	1	0	0
"ENSG00000172349"	0	1	0	0
"ENSG00000172366"	0	1	1	1
"ENSG00000172403"	0	0	0	1
"ENSG00000172409"	0	0	0	1
"ENSG00000172548"	1	1	1	1
"ENSG00000172728"	1	1	0	0
"ENSG00000172738"	1	1	0	1
"ENSG00000172771"	0	0	0	1
"ENSG00000172785"	1	0	0	0
"ENSG00000172818"	0	1	0	0
"ENSG00000172819"	1	0	0	1
"ENSG00000172927"	0	0	0	1
"ENSG00000172939"	1	1	1	1
"ENSG00000172940"	1	1	1	1
"ENSG00000172965"	1	1	1	1
"ENSG00000172974"	0	0	1	0
"ENSG00000173041"	0	0	1	0
"ENSG00000173083"	1	1	1	1
"ENSG00000173085"	1	1	0	0
"ENSG00000173166"	1	1	1	1
"ENSG00000173221"	1	0	0	0
"ENSG00000173239"	0	0	0	1
"ENSG00000173295"	1	0	0	0
"ENSG00000173334"	0	1	1	1
"ENSG00000173391"	1	1	1	1
"ENSG00000173421"	0	0	1	0
"ENSG00000173451"	0	1	1	1
"ENSG00000173511"	1	0	0	1
"ENSG00000173530"	1	0	0	0
"ENSG00000173575"	1	1	1	1
"ENSG00000173698"	1	0	0	0
"ENSG00000173726"	0	1	0	0
"ENSG00000173727"	0	0	0	1
"ENSG00000173825"	1	0	0	0
"ENSG00000173846"	0	1	1	1
"ENSG00000173890"	1	1	0	0
"ENSG00000173914"	0	1	0	0
"ENSG00000173926"	1	1	1	1
"ENSG00000173933"	0	0	1	0
"ENSG00000174007"	0	0	1	1
"ENSG00000174151"	0	1	0	0
"ENSG00000174175"	0	1	0	0
"ENSG00000174177"	0	1	0	0
"ENSG00000174373"	1	1	1	1
"ENSG00000174456"	0	0	0	1
"ENSG00000174611"	0	0	1	0
"ENSG00000174715"	1	0	0	0
"ENSG00000174796"	0	1	0	0
"ENSG00000174844"	1	0	0	0
"ENSG00000174871"	1	0	0	0
"ENSG00000174885"	0	1	0	0
"ENSG00000175066"	1	1	1	1
"ENSG00000175130"	1	1	1	1
"ENSG00000175155"	0	1	0	0
"ENSG00000175197"	0	0	1	1
"ENSG00000175216"	0	1	0	0
"ENSG00000175352"	1	1	1	1
"ENSG00000175356"	1	1	1	1
"ENSG00000175471"	0	1	1	1
"ENSG00000175489"	0	1	0	0
"ENSG00000175505"	1	1	1	1
"ENSG00000175556"	1	1	1	1
"ENSG00000175591"	1	0	0	0
"ENSG00000175595"	1	0	0	0
"ENSG00000175711"	1	1	0	0
"ENSG00000175898"	1	0	0	1
"ENSG00000176014"	1	0	0	0
"ENSG00000176024"	0	0	0	1
"ENSG00000176102"	0	0	0	1
"ENSG00000176105"	1	1	0	0
"ENSG00000176155"	0	0	1	1
"ENSG00000176170"	1	1	1	1
"ENSG00000176597"	1	1	1	1
"ENSG00000176749"	0	1	0	0
"ENSG00000176915"	0	1	1	1
"ENSG00000176946"	0	0	1	0
"ENSG00000177051"	1	0	0	0
"ENSG00000177058"	0	0	1	0
"ENSG00000177125"	0	1	1	1
"ENSG00000177150"	1	1	0	0
"ENSG00000177173"	1	1	0	0
"ENSG00000177238"	0	0	0	1
"ENSG00000177337"	1	1	1	1
"ENSG00000177352"	0	0	1	0
"ENSG00000177374"	1	1	1	1
"ENSG00000177426"	1	1	1	1
"ENSG00000177464"	1	1	1	1
"ENSG00000177688"	1	1	1	1
"ENSG00000177697"	1	0	0	0
"ENSG00000177706"	0	0	0	1
"ENSG00000178127"	1	0	0	0
"ENSG00000178146"	0	1	0	0
"ENSG00000178188"	0	1	0	0
"ENSG00000178209"	1	1	1	1
"ENSG00000178229"	1	0	0	1
"ENSG00000178307"	0	1	0	0
"ENSG00000178449"	1	0	0	0
"ENSG00000178537"	0	1	0	0
"ENSG00000178567"	1	0	0	0
"ENSG00000178607"	1	1	1	1
"ENSG00000178623"	1	1	1	1
"ENSG00000178732"	1	1	0	1
"ENSG00000178803"	0	1	1	1
"ENSG00000178966"	1	1	1	1
"ENSG00000178974"	1	1	1	1
"ENSG00000178988"	0	1	1	1
"ENSG00000179029"	0	0	0	1
"ENSG00000179051"	1	1	0	0
"ENSG00000179134"	0	1	0	0
"ENSG00000179148"	0	0	1	0
"ENSG00000179152"	0	0	0	1
"ENSG00000179165"	1	0	0	0
"ENSG00000179362"	1	1	1	1
"ENSG00000179630"	1	1	1	1
"ENSG00000179639"	0	0	0	1
"ENSG00000179840"	0	0	1	0
"ENSG00000179922"	0	1	0	1
"ENSG00000179943"	0	0	1	0
"ENSG00000180089"	0	1	0	0
"ENSG00000180152"	1	1	1	1
"ENSG00000180251"	1	1	1	1
"ENSG00000180316"	1	1	1	1
"ENSG00000180509"	0	0	1	1
"ENSG00000180530"	1	0	0	0
"ENSG00000180539"	0	1	0	0
"ENSG00000180712"	1	1	1	0
"ENSG00000180773"	1	1	1	0
"ENSG00000180902"	0	0	0	1
"ENSG00000180953"	1	0	0	1
"ENSG00000181016"	1	1	0	1
"ENSG00000181026"	1	1	1	0
"ENSG00000181029"	0	1	0	1
"ENSG00000181045"	1	1	1	1
"ENSG00000181220"	1	1	0	0
"ENSG00000181274"	1	1	1	1
"ENSG00000181467"	1	0	0	0
"ENSG00000181523"	1	0	0	0
"ENSG00000181577"	1	1	1	1
"ENSG00000181631"	0	1	1	1
"ENSG00000181634"	1	1	1	1
"ENSG00000181649"	1	1	1	1
"ENSG00000181773"	0	1	1	1
"ENSG00000181817"	1	0	0	0
"ENSG00000181894"	1	0	0	0
"ENSG00000181991"	0	0	0	1
"ENSG00000182109"	0	0	1	0
"ENSG00000182132"	0	1	0	1
"ENSG00000182141"	1	1	0	0
"ENSG00000182162"	1	1	1	1
"ENSG00000182173"	1	0	0	0
"ENSG00000182183"	1	1	1	1
"ENSG00000182185"	0	1	0	0
"ENSG00000182224"	1	1	1	1
"ENSG00000182376"	0	1	0	1
"ENSG00000182378"	1	1	1	1
"ENSG00000182534"	0	0	0	1
"ENSG00000182544"	0	1	0	1
"ENSG00000182676"	0	1	0	1
"ENSG00000182687"	1	0	0	0
"ENSG00000182718"	1	0	0	0
"ENSG00000182759"	0	1	1	1
"ENSG00000182782"	0	1	1	1
"ENSG00000182873"	0	0	0	1
"ENSG00000182903"	0	1	0	0
"ENSG00000182965"	0	0	0	1
"ENSG00000183134"	0	1	0	0
"ENSG00000183207"	1	0	0	1
"ENSG00000183307"	0	0	1	0
"ENSG00000183309"	1	0	0	0
"ENSG00000183340"	1	0	0	0
"ENSG00000183386"	1	0	0	0
"ENSG00000183397"	1	0	0	0
"ENSG00000183421"	1	1	0	1
"ENSG00000183475"	0	1	0	1
"ENSG00000183484"	1	1	1	0
"ENSG00000183570"	1	1	1	1
"ENSG00000183696"	1	1	0	1
"ENSG00000183723"	0	0	1	0
"ENSG00000183735"	0	1	1	1
"ENSG00000183921"	1	0	0	0
"ENSG00000183963"	1	0	1	0
"ENSG00000184007"	1	0	0	0
"ENSG00000184014"	1	1	1	1
"ENSG00000184106"	1	1	1	1
"ENSG00000184163"	0	1	0	0
"ENSG00000184185"	1	0	0	0
"ENSG00000184216"	1	1	1	1
"ENSG00000184260"	1	1	1	1
"ENSG00000184270"	1	1	1	1
"ENSG00000184292"	1	1	1	0
"ENSG00000184371"	0	0	1	1
"ENSG00000184389"	0	1	0	0
"ENSG00000184497"	1	1	1	1
"ENSG00000184545"	0	1	1	0
"ENSG00000184557"	1	0	0	0
"ENSG00000184602"	1	0	0	0
"ENSG00000184635"	0	0	1	0
"ENSG00000184985"	0	0	0	1
"ENSG00000185010"	0	1	1	1
"ENSG00000185022"	0	1	1	1
"ENSG00000185031"	1	1	0	0
"ENSG00000185033"	1	1	0	0
"ENSG00000185085"	0	1	0	0
"ENSG00000185087"	1	0	0	0
"ENSG00000185220"	0	0	1	1
"ENSG00000185245"	0	1	0	0
"ENSG00000185252"	0	0	0	1
"ENSG00000185291"	0	1	1	1
"ENSG00000185298"	0	1	0	0
"ENSG00000185304"	1	1	1	1
"ENSG00000185324"	0	1	0	0
"ENSG00000185361"	1	1	1	1
"ENSG00000185513"	0	1	0	0
"ENSG00000185561"	0	0	0	1
"ENSG00000185669"	1	0	0	0
"ENSG00000185736"	0	0	1	0
"ENSG00000185745"	0	0	1	1
"ENSG00000185800"	0	0	0	1
"ENSG00000185880"	1	1	0	1
"ENSG00000185947"	1	1	1	1
"ENSG00000185972"	0	0	0	1
"ENSG00000185974"	0	1	1	1
"ENSG00000185986"	0	0	0	1
"ENSG00000186047"	0	1	0	0
"ENSG00000186088"	1	1	1	1
"ENSG00000186106"	0	0	0	1
"ENSG00000186130"	0	0	1	1
"ENSG00000186174"	1	1	1	1
"ENSG00000186222"	0	0	0	1
"ENSG00000186300"	0	0	1	0
"ENSG00000186407"	0	1	1	1
"ENSG00000186409"	1	1	1	0
"ENSG00000186431"	0	1	1	0
"ENSG00000186469"	0	1	0	0
"ENSG00000186480"	1	1	1	1
"ENSG00000186496"	0	0	1	0
"ENSG00000186577"	1	1	1	1
"ENSG00000186583"	1	1	1	0
"ENSG00000186642"	0	1	1	1
"ENSG00000186704"	0	0	0	1
"ENSG00000186765"	0	1	0	0
"ENSG00000186834"	0	0	0	1
"ENSG00000187210"	0	1	0	0
"ENSG00000187257"	0	1	0	0
"ENSG00000187479"	0	1	0	1
"ENSG00000187498"	0	0	0	1
"ENSG00000187553"	0	1	0	0
"ENSG00000187556"	1	1	1	1
"ENSG00000187627"	0	1	0	0
"ENSG00000187642"	1	1	1	1
"ENSG00000187676"	1	0	0	0
"ENSG00000187775"	1	1	1	1
"ENSG00000187790"	0	0	0	1
"ENSG00000187796"	0	0	0	1
"ENSG00000187808"	0	0	1	0
"ENSG00000187904"	1	0	0	0
"ENSG00000187954"	0	1	1	0
"ENSG00000188042"	1	1	0	0
"ENSG00000188157"	1	1	1	1
"ENSG00000188211"	1	1	1	1
"ENSG00000188215"	1	1	1	1
"ENSG00000188283"	1	1	0	0
"ENSG00000188290"	0	1	1	1
"ENSG00000188305"	0	1	0	0
"ENSG00000188321"	0	0	0	1
"ENSG00000188396"	1	0	0	0
"ENSG00000188522"	1	1	1	1
"ENSG00000188542"	1	0	0	0
"ENSG00000188725"	1	0	0	0
"ENSG00000188786"	0	1	1	0
"ENSG00000188886"	1	1	1	1
"ENSG00000188981"	0	0	1	0
"ENSG00000188997"	0	1	0	0
"ENSG00000189046"	0	0	1	0
"ENSG00000189051"	1	0	0	0
"ENSG00000189269"	1	0	0	0
"ENSG00000189298"	0	0	1	0
"ENSG00000189350"	1	1	1	1
"ENSG00000189430"	1	1	1	1
"ENSG00000196081"	0	0	0	1
"ENSG00000196114"	0	1	0	0
"ENSG00000196150"	0	1	0	0
"ENSG00000196182"	1	1	0	0
"ENSG00000196214"	0	0	1	0
"ENSG00000196352"	0	1	0	1
"ENSG00000196371"	1	0	0	0
"ENSG00000196417"	1	0	0	0
"ENSG00000196420"	1	0	0	0
"ENSG00000196421"	1	0	0	0
"ENSG00000196470"	0	1	0	1
"ENSG00000196498"	1	1	1	1
"ENSG00000196569"	0	0	0	1
"ENSG00000196597"	0	1	0	0
"ENSG00000196639"	1	1	1	1
"ENSG00000196642"	0	1	0	0
"ENSG00000196655"	0	1	0	0
"ENSG00000196659"	0	0	0	1
"ENSG00000196724"	1	0	0	0
"ENSG00000196743"	1	0	1	1
"ENSG00000196754"	1	1	1	0
"ENSG00000196778"	1	0	0	0
"ENSG00000196839"	1	0	0	1
"ENSG00000196866"	1	0	1	0
"ENSG00000196873"	1	0	0	0
"ENSG00000196878"	1	1	1	1
"ENSG00000196917"	1	1	1	1
"ENSG00000196923"	1	1	0	1
"ENSG00000196924"	1	1	1	1
"ENSG00000196933"	0	0	1	1
"ENSG00000197008"	0	1	0	0
"ENSG00000197016"	0	1	0	0
"ENSG00000197019"	1	1	1	1
"ENSG00000197020"	1	1	1	1
"ENSG00000197037"	0	1	0	0
"ENSG00000197056"	0	0	1	0
"ENSG00000197061"	0	1	0	1
"ENSG00000197063"	1	1	1	1
"ENSG00000197083"	0	0	0	1
"ENSG00000197122"	1	1	1	1
"ENSG00000197142"	1	1	1	1
"ENSG00000197182"	1	1	0	1
"ENSG00000197249"	0	1	0	0
"ENSG00000197279"	1	1	1	1
"ENSG00000197361"	0	0	0	1
"ENSG00000197381"	1	1	1	1
"ENSG00000197405"	0	1	0	0
"ENSG00000197451"	0	0	1	0
"ENSG00000197536"	0	1	0	0
"ENSG00000197548"	1	1	1	1
"ENSG00000197566"	0	1	0	0
"ENSG00000197579"	0	1	1	0
"ENSG00000197632"	0	1	1	1
"ENSG00000197653"	1	0	0	0
"ENSG00000197712"	0	1	0	0
"ENSG00000197768"	0	1	0	1
"ENSG00000197782"	0	1	0	0
"ENSG00000197837"	1	0	0	0
"ENSG00000197885"	0	1	1	1
"ENSG00000197894"	0	0	0	1
"ENSG00000197951"	0	1	0	0
"ENSG00000197980"	0	1	1	1
"ENSG00000197982"	0	1	1	0
"ENSG00000197989"	0	0	1	0
"ENSG00000198018"	1	1	0	1
"ENSG00000198019"	1	0	0	0
"ENSG00000198113"	1	0	0	0
"ENSG00000198121"	1	0	0	0
"ENSG00000198146"	0	1	1	0
"ENSG00000198176"	1	1	1	1
"ENSG00000198283"	0	1	0	1
"ENSG00000198324"	0	0	1	0
"ENSG00000198355"	1	1	1	1
"ENSG00000198363"	1	1	0	0
"ENSG00000198369"	1	1	1	1
"ENSG00000198400"	0	0	0	1
"ENSG00000198420"	0	0	1	0
"ENSG00000198435"	1	1	0	0
"ENSG00000198521"	1	1	0	0
"ENSG00000198522"	1	1	1	1
"ENSG00000198561"	1	0	0	0
"ENSG00000198642"	0	0	0	1
"ENSG00000198682"	1	1	1	0
"ENSG00000198692"	0	0	1	0
"ENSG00000198736"	0	1	0	0
"ENSG00000198746"	0	1	0	0
"ENSG00000198805"	1	1	1	1
"ENSG00000198814"	1	1	1	1
"ENSG00000198839"	1	1	1	1
"ENSG00000198841"	0	0	0	1
"ENSG00000198863"	0	1	0	0
"ENSG00000198876"	0	1	0	0
"ENSG00000198879"	1	1	1	1
"ENSG00000198911"	1	0	0	0
"ENSG00000198917"	0	1	0	0
"ENSG00000198920"	1	0	0	0
"ENSG00000198933"	0	1	0	0
"ENSG00000198954"	1	0	1	1
"ENSG00000198959"	1	1	1	1
"ENSG00000198974"	1	0	0	0
"ENSG00000199121"	0	0	0	1
"ENSG00000199477"	1	0	0	0
"ENSG00000199788"	1	1	1	1
"ENSG00000199805"	1	1	0	1
"ENSG00000199872"	1	0	0	0
"ENSG00000199990"	0	1	1	1
"ENSG00000200075"	1	1	1	1
"ENSG00000200183"	1	0	0	0
"ENSG00000200201"	0	1	0	0
"ENSG00000200419"	1	0	0	0
"ENSG00000200522"	1	0	0	0
"ENSG00000200597"	0	1	0	0
"ENSG00000200785"	0	0	1	0
"ENSG00000200834"	0	1	0	1
"ENSG00000200840"	1	0	0	0
"ENSG00000200879"	0	0	1	0
"ENSG00000200953"	0	1	0	0
"ENSG00000201076"	0	1	0	0
"ENSG00000201098"	0	0	1	0
"ENSG00000201221"	1	1	1	1
"ENSG00000201342"	0	1	0	0
"ENSG00000201435"	1	0	1	1
"ENSG00000201544"	1	0	0	0
"ENSG00000201581"	1	1	0	0
"ENSG00000201662"	0	1	1	1
"ENSG00000201988"	1	1	0	0
"ENSG00000202019"	1	1	0	1
"ENSG00000202272"	0	0	0	1
"ENSG00000202392"	1	1	0	1
"ENSG00000202459"	1	1	1	1
"ENSG00000203364"	1	0	1	1
"ENSG00000203711"	0	0	0	1
"ENSG00000203801"	0	1	0	1
"ENSG00000203814"	1	0	0	0
"ENSG00000203870"	0	0	0	1
"ENSG00000203872"	1	0	1	1
"ENSG00000203875"	0	0	0	1
"ENSG00000203965"	0	1	1	1
"ENSG00000203993"	0	1	0	0
"ENSG00000204020"	0	1	1	0
"ENSG00000204054"	0	1	1	1
"ENSG00000204103"	1	1	1	0
"ENSG00000204186"	1	1	1	0
"ENSG00000204209"	0	1	0	0
"ENSG00000204220"	1	0	0	0
"ENSG00000204231"	0	1	0	0
"ENSG00000204256"	1	0	0	1
"ENSG00000204291"	0	0	1	1
"ENSG00000204315"	0	1	0	0
"ENSG00000204348"	1	0	0	0
"ENSG00000204356"	1	0	0	0
"ENSG00000204392"	1	0	0	0
"ENSG00000204397"	0	1	0	0
"ENSG00000204421"	1	1	1	1
"ENSG00000204428"	1	0	1	1
"ENSG00000204516"	0	1	0	1
"ENSG00000204568"	0	0	0	1
"ENSG00000204569"	0	0	0	1
"ENSG00000204584"	0	1	0	0
"ENSG00000204599"	0	1	0	0
"ENSG00000204611"	0	0	0	1
"ENSG00000204673"	1	0	0	0
"ENSG00000204683"	1	1	1	1
"ENSG00000204713"	0	1	0	0
"ENSG00000204920"	0	1	0	0
"ENSG00000204923"	0	0	1	0
"ENSG00000204936"	1	1	0	0
"ENSG00000205041"	0	0	0	1
"ENSG00000205084"	0	0	0	1
"ENSG00000205090"	0	0	1	0
"ENSG00000205269"	1	0	0	0
"ENSG00000205339"	1	1	1	1
"ENSG00000205423"	1	1	1	1
"ENSG00000205482"	0	1	0	0
"ENSG00000205502"	0	1	0	0
"ENSG00000205716"	0	0	0	1
"ENSG00000205755"	1	1	1	1
"ENSG00000205791"	1	0	0	0
"ENSG00000206047"	0	1	0	0
"ENSG00000206344"	0	1	0	1
"ENSG00000206562"	0	1	1	0
"ENSG00000206596"	1	0	0	0
"ENSG00000206651"	1	0	0	0
"ENSG00000206732"	1	0	0	1
"ENSG00000206814"	0	0	1	1
"ENSG00000206848"	1	1	0	1
"ENSG00000206969"	1	1	1	1
"ENSG00000206989"	1	0	0	0
"ENSG00000207117"	1	0	0	0
"ENSG00000207132"	0	1	1	1
"ENSG00000207136"	1	0	0	0
"ENSG00000207142"	0	0	1	0
"ENSG00000207208"	1	1	0	0
"ENSG00000207234"	1	1	0	1
"ENSG00000207293"	1	1	0	0
"ENSG00000207368"	0	1	0	0
"ENSG00000207378"	1	0	0	0
"ENSG00000207444"	1	1	1	0
"ENSG00000207450"	0	1	0	0
"ENSG00000207546"	1	0	0	0
"ENSG00000207550"	0	1	1	0
"ENSG00000207574"	1	0	0	0
"ENSG00000207585"	1	1	1	0
"ENSG00000207605"	0	0	0	1
"ENSG00000207614"	1	1	1	1
"ENSG00000207622"	1	0	0	0
"ENSG00000207653"	0	0	1	0
"ENSG00000207688"	0	1	0	0
"ENSG00000207719"	0	0	0	1
"ENSG00000207725"	0	1	1	1
"ENSG00000207736"	1	1	0	1
"ENSG00000207741"	0	0	0	1
"ENSG00000207763"	1	1	0	1
"ENSG00000207821"	1	1	1	1
"ENSG00000207870"	0	1	1	1
"ENSG00000207980"	0	0	0	1
"ENSG00000207997"	1	0	0	0
"ENSG00000208012"	1	0	0	1
"ENSG00000208013"	1	0	0	0
"ENSG00000208022"	0	1	0	0
"ENSG00000208025"	1	1	1	0
"ENSG00000208028"	0	0	1	1
"ENSG00000208308"	0	1	0	0
"ENSG00000210117"	0	1	0	0
"ENSG00000211455"	1	1	1	0
"ENSG00000211563"	1	0	1	0
"ENSG00000211990"	1	1	1	1
"ENSG00000212030"	1	0	0	0
"ENSG00000212246"	1	0	0	0
"ENSG00000212443"	1	0	0	0
"ENSG00000212445"	1	1	0	0
"ENSG00000212529"	0	0	0	1
"ENSG00000212568"	1	1	1	1
"ENSG00000212694"	1	0	1	1
"ENSG00000212829"	0	0	0	1
"ENSG00000213066"	1	1	1	0
"ENSG00000213073"	0	1	0	0
"ENSG00000213096"	1	1	0	1
"ENSG00000213190"	0	1	1	1
"ENSG00000213203"	0	0	0	1
"ENSG00000213326"	0	0	1	0
"ENSG00000213386"	0	0	1	1
"ENSG00000213398"	1	0	0	0
"ENSG00000213600"	1	0	0	0
"ENSG00000213613"	1	1	0	1
"ENSG00000213614"	0	1	1	1
"ENSG00000213658"	0	0	1	1
"ENSG00000213714"	1	1	1	1
"ENSG00000213722"	1	0	0	0
"ENSG00000213762"	0	1	0	0
"ENSG00000213799"	1	0	1	0
"ENSG00000213901"	1	0	0	0
"ENSG00000213971"	0	1	1	1
"ENSG00000213976"	1	0	0	0
"ENSG00000214022"	0	1	1	1
"ENSG00000214067"	1	0	0	0
"ENSG00000214189"	0	0	1	0
"ENSG00000214193"	1	1	1	1
"ENSG00000214367"	0	1	0	0
"ENSG00000214407"	0	1	1	1
"ENSG00000214439"	1	0	0	1
"ENSG00000214717"	1	1	1	0
"ENSG00000214756"	1	0	1	1
"ENSG00000214787"	0	1	0	0
"ENSG00000214797"	1	1	0	1
"ENSG00000214812"	1	1	1	1
"ENSG00000214892"	1	0	0	0
"ENSG00000214894"	1	1	1	1
"ENSG00000214955"	0	0	0	1
"ENSG00000215022"	1	1	1	1
"ENSG00000215244"	0	0	0	1
"ENSG00000215267"	1	0	0	0
"ENSG00000215271"	0	1	0	0
"ENSG00000215388"	0	1	0	0
"ENSG00000215417"	0	0	0	1
"ENSG00000215481"	1	1	0	1
"ENSG00000215841"	1	0	0	0
"ENSG00000215861"	0	1	0	0
"ENSG00000215946"	1	0	1	1
"ENSG00000216035"	0	0	1	1
"ENSG00000216316"	1	0	0	0
"ENSG00000216490"	0	1	1	1
"ENSG00000217555"	1	0	0	0
"ENSG00000217801"	1	1	1	1
"ENSG00000218073"	1	1	1	1
"ENSG00000218565"	1	1	1	1
"ENSG00000219027"	0	0	1	0
"ENSG00000219085"	0	1	0	1
"ENSG00000219150"	1	0	0	0
"ENSG00000219163"	0	0	0	1
"ENSG00000219200"	0	0	1	1
"ENSG00000219507"	1	1	0	0
"ENSG00000219608"	1	1	1	1
"ENSG00000219665"	1	1	1	1
"ENSG00000219891"	1	1	1	1
"ENSG00000220008"	0	1	0	0
"ENSG00000220305"	1	0	0	1
"ENSG00000220349"	0	1	1	1
"ENSG00000220412"	1	1	1	1
"ENSG00000220563"	1	0	0	0
"ENSG00000220987"	1	1	1	1
"ENSG00000221025"	1	0	1	1
"ENSG00000221263"	1	0	0	0
"ENSG00000221264"	0	1	1	0
"ENSG00000221303"	0	0	0	1
"ENSG00000221541"	0	1	0	1
"ENSG00000221555"	0	1	0	0
"ENSG00000221838"	0	0	0	1
"ENSG00000221869"	1	0	0	0
"ENSG00000221944"	0	1	0	0
"ENSG00000221949"	0	1	0	1
"ENSG00000221994"	1	0	0	1
"ENSG00000221995"	1	1	0	0
"ENSG00000222009"	0	1	1	1
"ENSG00000222041"	1	1	1	1
"ENSG00000222043"	0	1	1	1
"ENSG00000222047"	1	1	1	1
"ENSG00000222112"	0	1	0	0
"ENSG00000222162"	0	1	0	0
"ENSG00000222266"	0	1	1	0
"ENSG00000222267"	1	0	0	1
"ENSG00000222346"	0	0	1	1
"ENSG00000222448"	0	0	0	1
"ENSG00000222570"	1	0	1	0
"ENSG00000222898"	1	1	1	1
"ENSG00000222937"	1	0	0	0
"ENSG00000223086"	1	0	0	0
"ENSG00000223117"	1	1	0	1
"ENSG00000223336"	1	0	0	0
"ENSG00000223361"	0	1	0	0
"ENSG00000223473"	1	0	0	0
"ENSG00000223475"	0	1	1	1
"ENSG00000223501"	0	1	0	0
"ENSG00000223546"	0	0	1	0
"ENSG00000223552"	0	1	1	1
"ENSG00000223571"	0	0	0	1
"ENSG00000223583"	1	0	0	0
"ENSG00000223660"	1	0	0	0
"ENSG00000223722"	0	1	1	1
"ENSG00000223725"	0	0	1	0
"ENSG00000223797"	0	1	0	0
"ENSG00000223799"	0	1	1	1
"ENSG00000223825"	0	1	0	0
"ENSG00000223969"	0	1	1	1
"ENSG00000224003"	0	0	0	1
"ENSG00000224034"	0	1	0	0
"ENSG00000224067"	1	0	0	0
"ENSG00000224077"	0	1	0	0
"ENSG00000224083"	1	1	0	0
"ENSG00000224152"	0	1	1	0
"ENSG00000224157"	1	0	0	0
"ENSG00000224187"	0	0	1	1
"ENSG00000224276"	0	1	0	1
"ENSG00000224460"	0	1	1	1
"ENSG00000224531"	1	0	0	1
"ENSG00000224638"	1	0	0	1
"ENSG00000224707"	0	1	1	0
"ENSG00000224745"	1	0	0	0
"ENSG00000224870"	0	0	0	1
"ENSG00000224888"	1	1	0	1
"ENSG00000224950"	1	1	1	1
"ENSG00000224959"	1	1	1	1
"ENSG00000224967"	1	1	1	1
"ENSG00000224977"	1	0	0	0
"ENSG00000224988"	1	1	1	1
"ENSG00000225014"	1	1	0	0
"ENSG00000225026"	1	0	0	0
"ENSG00000225111"	1	0	0	0
"ENSG00000225193"	0	1	0	0
"ENSG00000225195"	1	0	0	0
"ENSG00000225224"	0	1	0	0
"ENSG00000225231"	0	0	0	1
"ENSG00000225329"	1	1	0	0
"ENSG00000225339"	1	1	0	1
"ENSG00000225401"	1	0	0	0
"ENSG00000225411"	0	0	1	1
"ENSG00000225450"	1	1	1	1
"ENSG00000225518"	0	0	0	1
"ENSG00000225527"	1	1	0	1
"ENSG00000225614"	1	0	1	0
"ENSG00000225697"	1	0	0	0
"ENSG00000225726"	1	0	0	0
"ENSG00000225828"	0	1	0	0
"ENSG00000225931"	0	1	1	1
"ENSG00000225945"	0	0	1	1
"ENSG00000225973"	0	1	0	0
"ENSG00000225975"	0	1	0	0
"ENSG00000226029"	0	1	0	0
"ENSG00000226239"	1	1	0	0
"ENSG00000226243"	1	0	0	1
"ENSG00000226312"	1	1	1	1
"ENSG00000226334"	0	0	0	1
"ENSG00000226380"	0	1	1	1
"ENSG00000226501"	1	0	0	0
"ENSG00000226524"	1	0	0	0
"ENSG00000226644"	1	1	1	1
"ENSG00000226758"	1	0	0	0
"ENSG00000226801"	0	0	1	0
"ENSG00000226824"	1	0	0	0
"ENSG00000226862"	1	1	1	0
"ENSG00000226891"	1	1	0	0
"ENSG00000226904"	1	0	0	0
"ENSG00000226928"	1	0	0	0
"ENSG00000226984"	0	1	1	1
"ENSG00000226989"	0	1	1	1
"ENSG00000227081"	0	0	1	0
"ENSG00000227154"	0	1	0	0
"ENSG00000227200"	1	0	0	0
"ENSG00000227256"	0	1	1	1
"ENSG00000227268"	1	0	0	0
"ENSG00000227295"	1	1	1	1
"ENSG00000227403"	0	0	0	1
"ENSG00000227456"	0	0	0	1
"ENSG00000227502"	1	0	1	1
"ENSG00000227507"	1	0	0	0
"ENSG00000227543"	0	1	1	1
"ENSG00000227560"	1	0	1	1
"ENSG00000227591"	1	1	1	1
"ENSG00000227598"	1	0	0	0
"ENSG00000227740"	0	0	0	1
"ENSG00000227766"	0	1	1	1
"ENSG00000227938"	0	1	0	1
"ENSG00000228013"	1	1	1	1
"ENSG00000228022"	1	1	1	1
"ENSG00000228037"	0	1	0	0
"ENSG00000228044"	0	1	1	1
"ENSG00000228113"	1	0	0	0
"ENSG00000228140"	1	1	1	1
"ENSG00000228166"	1	0	0	0
"ENSG00000228201"	0	1	0	0
"ENSG00000228261"	0	1	1	1
"ENSG00000228274"	1	1	1	1
"ENSG00000228277"	0	1	1	1
"ENSG00000228293"	1	0	0	0
"ENSG00000228300"	0	1	0	0
"ENSG00000228323"	1	0	0	0
"ENSG00000228327"	1	0	0	0
"ENSG00000228403"	0	0	0	1
"ENSG00000228434"	1	0	0	0
"ENSG00000228436"	0	0	1	0
"ENSG00000228477"	1	1	1	1
"ENSG00000228485"	1	1	1	1
"ENSG00000228486"	0	1	0	1
"ENSG00000228589"	0	0	0	1
"ENSG00000228679"	0	1	0	0
"ENSG00000228705"	0	0	0	1
"ENSG00000228716"	0	0	1	0
"ENSG00000228768"	1	1	1	1
"ENSG00000228775"	0	1	1	1
"ENSG00000228830"	1	1	1	1
"ENSG00000228857"	0	0	1	0
"ENSG00000228863"	1	1	1	1
"ENSG00000228873"	0	1	1	1
"ENSG00000228918"	0	0	0	1
"ENSG00000228923"	1	1	1	1
"ENSG00000228950"	0	0	0	1
"ENSG00000228956"	0	0	0	1
"ENSG00000229023"	1	1	0	0
"ENSG00000229106"	0	0	0	1
"ENSG00000229180"	0	0	1	0
"ENSG00000229191"	1	0	1	1
"ENSG00000229236"	0	0	1	0
"ENSG00000229314"	0	1	0	1
"ENSG00000229331"	1	1	1	1
"ENSG00000229337"	0	0	1	0
"ENSG00000229419"	1	1	1	1
"ENSG00000229512"	1	1	1	1
"ENSG00000229585"	0	1	0	1
"ENSG00000229619"	0	0	0	1
"ENSG00000229622"	1	1	1	1
"ENSG00000229644"	0	1	0	0
"ENSG00000229677"	1	0	0	0
"ENSG00000229719"	0	1	1	1
"ENSG00000229816"	1	0	0	0
"ENSG00000229833"	0	0	1	0
"ENSG00000229917"	1	1	0	0
"ENSG00000229931"	1	1	1	0
"ENSG00000229944"	0	1	0	1
"ENSG00000229951"	0	0	0	1
"ENSG00000229986"	0	1	1	0
"ENSG00000230074"	1	0	0	0
"ENSG00000230107"	1	0	0	0
"ENSG00000230149"	0	0	1	1
"ENSG00000230225"	1	0	1	1
"ENSG00000230295"	1	1	1	1
"ENSG00000230397"	0	0	1	1
"ENSG00000230417"	1	1	0	1
"ENSG00000230438"	1	1	1	1
"ENSG00000230489"	1	0	0	0
"ENSG00000230532"	0	0	1	0
"ENSG00000230534"	1	0	0	0
"ENSG00000230539"	1	1	1	0
"ENSG00000230551"	1	1	0	0
"ENSG00000230581"	0	0	1	0
"ENSG00000230583"	0	1	0	1
"ENSG00000230647"	1	1	1	1
"ENSG00000230731"	0	1	1	1
"ENSG00000230753"	0	1	1	1
"ENSG00000230773"	0	1	0	1
"ENSG00000230795"	0	0	1	0
"ENSG00000230844"	0	1	1	1
"ENSG00000230869"	1	0	0	0
"ENSG00000230943"	1	1	1	1
"ENSG00000230955"	0	0	0	1
"ENSG00000231047"	0	1	1	1
"ENSG00000231074"	0	1	1	0
"ENSG00000231105"	1	1	1	1
"ENSG00000231140"	0	1	0	0
"ENSG00000231154"	1	1	0	0
"ENSG00000231177"	0	0	1	1
"ENSG00000231233"	1	1	1	1
"ENSG00000231256"	1	0	0	1
"ENSG00000231307"	0	1	0	0
"ENSG00000231327"	0	0	1	1
"ENSG00000231412"	1	0	0	0
"ENSG00000231507"	0	0	1	1
"ENSG00000231508"	1	1	0	0
"ENSG00000231535"	0	0	1	0
"ENSG00000231551"	1	0	0	0
"ENSG00000231584"	1	1	1	1
"ENSG00000231665"	1	0	0	0
"ENSG00000231770"	0	1	0	0
"ENSG00000231794"	1	0	0	0
"ENSG00000231826"	1	0	0	0
"ENSG00000231830"	0	1	1	1
"ENSG00000231856"	0	1	1	1
"ENSG00000231865"	1	1	1	1
"ENSG00000231881"	0	1	0	1
"ENSG00000231890"	0	1	1	1
"ENSG00000231966"	0	0	0	1
"ENSG00000232022"	1	0	0	0
"ENSG00000232133"	1	1	1	1
"ENSG00000232160"	0	1	0	0
"ENSG00000232187"	0	1	0	0
"ENSG00000232228"	0	0	1	0
"ENSG00000232309"	1	0	0	0
"ENSG00000232373"	1	1	1	1
"ENSG00000232450"	1	0	0	0
"ENSG00000232453"	0	0	0	1
"ENSG00000232487"	1	1	0	1
"ENSG00000232517"	1	1	1	1
"ENSG00000232536"	1	0	0	0
"ENSG00000232546"	1	1	1	1
"ENSG00000232586"	1	0	0	1
"ENSG00000232599"	0	1	0	0
"ENSG00000232618"	1	1	1	1
"ENSG00000232671"	0	1	1	1
"ENSG00000232680"	0	1	1	1
"ENSG00000232693"	1	1	0	0
"ENSG00000232746"	0	1	0	0
"ENSG00000232748"	1	1	1	1
"ENSG00000232774"	0	1	1	1
"ENSG00000232810"	1	1	1	1
"ENSG00000232811"	0	0	0	1
"ENSG00000232814"	0	0	0	1
"ENSG00000232846"	0	1	0	0
"ENSG00000232860"	0	0	0	1
"ENSG00000232873"	0	1	1	1
"ENSG00000232912"	0	1	0	0
"ENSG00000233058"	0	1	1	1
"ENSG00000233060"	1	0	0	0
"ENSG00000233072"	0	1	1	0
"ENSG00000233081"	0	0	0	1
"ENSG00000233154"	1	0	0	0
"ENSG00000233175"	0	0	1	0
"ENSG00000233214"	0	0	0	1
"ENSG00000233220"	0	1	0	0
"ENSG00000233223"	0	1	0	0
"ENSG00000233230"	0	0	1	0
"ENSG00000233261"	1	1	0	0
"ENSG00000233343"	1	0	0	0
"ENSG00000233411"	0	0	1	0
"ENSG00000233496"	0	1	0	0
"ENSG00000233559"	0	0	1	1
"ENSG00000233621"	1	1	1	1
"ENSG00000233695"	0	0	1	0
"ENSG00000233730"	1	1	0	0
"ENSG00000233746"	1	1	0	0
"ENSG00000233775"	1	0	0	0
"ENSG00000233785"	0	1	0	0
"ENSG00000233791"	0	1	0	0
"ENSG00000233834"	0	1	1	1
"ENSG00000233836"	0	1	0	0
"ENSG00000233862"	0	0	0	1
"ENSG00000233892"	1	0	0	0
"ENSG00000233896"	1	1	1	1
"ENSG00000233902"	0	1	0	0
"ENSG00000233922"	0	1	0	0
"ENSG00000234009"	0	1	0	0
"ENSG00000234028"	0	1	1	1
"ENSG00000234066"	0	1	0	0
"ENSG00000234199"	1	1	0	1
"ENSG00000234203"	1	1	0	0
"ENSG00000234290"	0	0	0	1
"ENSG00000234292"	1	0	0	1
"ENSG00000234358"	1	1	1	1
"ENSG00000234383"	1	1	0	0
"ENSG00000234465"	0	0	1	0
"ENSG00000234518"	0	1	1	1
"ENSG00000234534"	1	1	0	0
"ENSG00000234684"	1	0	0	0
"ENSG00000234741"	0	0	0	1
"ENSG00000234832"	0	0	0	1
"ENSG00000234883"	0	1	1	1
"ENSG00000234981"	0	1	0	1
"ENSG00000235027"	0	1	1	1
"ENSG00000235119"	1	0	0	0
"ENSG00000235172"	0	1	1	1
"ENSG00000235194"	0	0	1	1
"ENSG00000235246"	1	1	1	0
"ENSG00000235319"	0	1	1	1
"ENSG00000235321"	1	0	0	0
"ENSG00000235426"	0	0	0	1
"ENSG00000235499"	0	0	0	1
"ENSG00000235831"	0	0	1	0
"ENSG00000235834"	1	0	0	0
"ENSG00000235852"	0	1	0	0
"ENSG00000235917"	1	0	0	0
"ENSG00000235978"	1	1	1	1
"ENSG00000236021"	1	0	0	0
"ENSG00000236073"	1	1	0	1
"ENSG00000236213"	1	1	1	1
"ENSG00000236254"	0	0	1	0
"ENSG00000236255"	0	0	0	1
"ENSG00000236269"	1	0	0	0
"ENSG00000236278"	0	1	0	1
"ENSG00000236489"	1	1	0	0
"ENSG00000236525"	1	0	0	0
"ENSG00000236530"	1	1	1	1
"ENSG00000236567"	1	0	0	0
"ENSG00000236682"	1	1	1	1
"ENSG00000236754"	1	0	0	0
"ENSG00000236807"	0	0	0	1
"ENSG00000236829"	1	1	1	1
"ENSG00000236859"	1	0	0	0
"ENSG00000236935"	1	0	0	0
"ENSG00000236936"	0	0	0	1
"ENSG00000236947"	0	0	0	1
"ENSG00000237036"	0	1	1	1
"ENSG00000237054"	0	0	0	1
"ENSG00000237181"	0	0	1	0
"ENSG00000237217"	0	0	1	0
"ENSG00000237310"	0	1	0	0
"ENSG00000237311"	0	0	0	1
"ENSG00000237359"	0	1	0	0
"ENSG00000237436"	0	0	1	1
"ENSG00000237440"	0	1	0	0
"ENSG00000237499"	1	1	1	1
"ENSG00000237513"	1	1	1	1
"ENSG00000237520"	0	1	1	1
"ENSG00000237576"	1	0	0	0
"ENSG00000237667"	0	0	0	1
"ENSG00000237686"	0	0	1	0
"ENSG00000237711"	1	0	0	0
"ENSG00000237772"	0	1	0	0
"ENSG00000237788"	1	1	1	1
"ENSG00000237803"	0	1	1	1
"ENSG00000237827"	0	1	0	0
"ENSG00000237879"	1	1	1	1
"ENSG00000237883"	1	0	0	0
"ENSG00000237927"	0	0	0	1
"ENSG00000237989"	1	0	0	0
"ENSG00000238005"	1	1	1	1
"ENSG00000238057"	0	1	1	1
"ENSG00000238113"	1	0	0	0
"ENSG00000238164"	0	0	1	1
"ENSG00000238220"	0	0	0	1
"ENSG00000238241"	0	1	0	0
"ENSG00000238286"	0	0	0	1
"ENSG00000238446"	1	1	1	1
"ENSG00000238829"	1	1	1	1
"ENSG00000238959"	0	1	0	0
"ENSG00000239151"	1	0	0	0
"ENSG00000239183"	0	0	1	0
"ENSG00000239219"	0	1	1	1
"ENSG00000239264"	1	0	0	0
"ENSG00000239282"	0	1	0	1
"ENSG00000239350"	0	0	0	1
"ENSG00000239415"	1	1	0	0
"ENSG00000239466"	1	0	1	0
"ENSG00000239605"	1	0	0	0
"ENSG00000239608"	0	1	1	0
"ENSG00000239744"	0	1	1	1
"ENSG00000239823"	0	0	0	1
"ENSG00000239827"	1	0	1	1
"ENSG00000239884"	0	1	0	1
"ENSG00000239948"	1	1	1	1
"ENSG00000240023"	1	1	1	1
"ENSG00000240047"	1	1	0	1
"ENSG00000240291"	1	1	1	1
"ENSG00000240356"	1	0	0	0
"ENSG00000240375"	1	1	0	1
"ENSG00000240385"	1	0	0	0
"ENSG00000240435"	1	1	0	0
"ENSG00000240445"	0	0	0	1
"ENSG00000240463"	0	1	0	0
"ENSG00000240474"	1	0	0	0
"ENSG00000240489"	0	0	0	1
"ENSG00000240527"	1	1	0	1
"ENSG00000240729"	1	1	0	0
"ENSG00000240750"	1	1	0	0
"ENSG00000240767"	1	0	0	0
"ENSG00000240849"	1	0	0	0
"ENSG00000240853"	1	1	1	0
"ENSG00000240890"	1	0	0	0
"ENSG00000240934"	0	0	0	1
"ENSG00000241058"	1	1	1	1
"ENSG00000241155"	0	1	1	1
"ENSG00000241319"	1	1	1	1
"ENSG00000241458"	0	0	0	1
"ENSG00000241475"	0	1	1	1
"ENSG00000241527"	1	1	0	0
"ENSG00000241597"	1	0	0	0
"ENSG00000241693"	0	0	1	0
"ENSG00000241721"	0	0	0	1
"ENSG00000241837"	0	0	1	0
"ENSG00000241886"	1	1	1	1
"ENSG00000241990"	0	1	0	0
"ENSG00000242048"	1	1	0	1
"ENSG00000242113"	1	1	1	1
"ENSG00000242244"	0	1	1	1
"ENSG00000242330"	1	1	1	1
"ENSG00000242574"	0	0	0	1
"ENSG00000242578"	1	0	0	1
"ENSG00000242583"	1	0	0	0
"ENSG00000242707"	0	0	1	0
"ENSG00000242802"	0	0	1	0
"ENSG00000242829"	1	0	0	0
"ENSG00000242852"	1	0	0	0
"ENSG00000242853"	1	1	1	1
"ENSG00000242970"	0	1	1	1
"ENSG00000242999"	1	1	0	0
"ENSG00000243155"	1	0	1	1
"ENSG00000243175"	1	0	0	1
"ENSG00000243179"	1	1	1	1
"ENSG00000243273"	0	1	0	0
"ENSG00000243426"	0	1	1	1
"ENSG00000243438"	1	0	0	0
"ENSG00000243440"	0	1	1	1
"ENSG00000243469"	0	1	0	1
"ENSG00000243566"	0	1	1	0
"ENSG00000243609"	1	1	1	1
"ENSG00000243629"	0	0	0	1
"ENSG00000243704"	1	1	1	1
"ENSG00000243797"	0	0	0	1
"ENSG00000244232"	0	1	1	1
"ENSG00000244242"	1	1	1	1
"ENSG00000244267"	0	1	1	1
"ENSG00000244346"	0	0	1	0
"ENSG00000244436"	0	0	1	0
"ENSG00000244486"	0	1	0	0
"ENSG00000244675"	1	1	1	1
"ENSG00000244879"	0	0	0	1
"ENSG00000245025"	1	0	0	1
"ENSG00000245060"	0	0	1	1
"ENSG00000245149"	1	1	1	1
"ENSG00000245261"	1	0	0	0
"ENSG00000245281"	0	0	0	1
"ENSG00000245522"	0	1	1	0
"ENSG00000245680"	0	1	0	0
"ENSG00000245848"	0	1	1	0
"ENSG00000245869"	1	0	0	0
"ENSG00000245958"	1	1	0	0
"ENSG00000246082"	0	1	0	0
"ENSG00000246214"	0	0	1	1
"ENSG00000246334"	1	1	1	1
"ENSG00000246790"	0	0	0	1
"ENSG00000247011"	0	0	0	1
"ENSG00000247121"	1	0	0	0
"ENSG00000247400"	1	1	1	1
"ENSG00000247982"	0	1	0	0
"ENSG00000248099"	0	1	0	0
"ENSG00000248124"	1	1	1	0
"ENSG00000248150"	0	0	0	1
"ENSG00000248208"	0	1	0	0
"ENSG00000248283"	1	1	0	0
"ENSG00000248323"	1	1	1	1
"ENSG00000248385"	1	0	0	0
"ENSG00000248429"	0	0	1	0
"ENSG00000248455"	1	0	1	0
"ENSG00000248477"	0	1	0	0
"ENSG00000248485"	0	1	0	1
"ENSG00000248697"	0	1	1	0
"ENSG00000248719"	0	1	0	1
"ENSG00000248734"	0	0	0	1
"ENSG00000248996"	0	1	1	0
"ENSG00000249055"	0	1	1	1
"ENSG00000249096"	1	1	0	0
"ENSG00000249138"	0	0	1	0
"ENSG00000249173"	0	1	1	0
"ENSG00000249189"	0	1	1	1
"ENSG00000249240"	0	1	1	1
"ENSG00000249309"	0	1	1	1
"ENSG00000249502"	0	1	0	0
"ENSG00000249706"	0	0	0	1
"ENSG00000249863"	1	1	0	1
"ENSG00000249884"	0	1	1	1
"ENSG00000249898"	0	1	1	1
"ENSG00000249965"	0	0	0	1
"ENSG00000250011"	0	1	0	0
"ENSG00000250057"	1	0	1	1
"ENSG00000250170"	0	0	1	1
"ENSG00000250254"	1	0	1	0
"ENSG00000250274"	1	1	1	1
"ENSG00000250312"	0	1	0	0
"ENSG00000250404"	1	0	0	0
"ENSG00000250461"	1	1	1	0
"ENSG00000250548"	0	1	1	1
"ENSG00000250571"	0	0	0	1
"ENSG00000250687"	0	1	0	0
"ENSG00000250734"	0	0	1	0
"ENSG00000250739"	0	1	1	1
"ENSG00000250771"	0	1	1	1
"ENSG00000250950"	1	1	0	1
"ENSG00000251002"	0	0	0	1
"ENSG00000251017"	0	0	0	1
"ENSG00000251022"	0	1	0	0
"ENSG00000251127"	0	1	1	1
"ENSG00000251136"	1	1	1	0
"ENSG00000251139"	1	0	0	0
"ENSG00000251155"	0	1	0	1
"ENSG00000251158"	0	0	1	0
"ENSG00000251161"	1	1	1	1
"ENSG00000251179"	1	1	1	0
"ENSG00000251192"	0	0	0	1
"ENSG00000251194"	1	1	1	1
"ENSG00000251230"	0	1	1	1
"ENSG00000251301"	0	0	0	1
"ENSG00000251304"	0	0	0	1
"ENSG00000251323"	0	1	1	1
"ENSG00000251393"	1	1	1	1
"ENSG00000251441"	1	1	0	0
"ENSG00000251474"	0	1	0	0
"ENSG00000251634"	0	1	1	0
"ENSG00000251726"	1	0	1	0
"ENSG00000251728"	1	0	0	0
"ENSG00000251745"	1	1	0	0
"ENSG00000251748"	0	0	0	1
"ENSG00000251934"	0	1	0	0
"ENSG00000251988"	0	1	0	0
"ENSG00000252062"	1	1	0	0
"ENSG00000252124"	1	0	0	1
"ENSG00000252222"	1	1	0	0
"ENSG00000252242"	1	0	1	0
"ENSG00000252414"	1	1	1	0
"ENSG00000252614"	1	0	0	1
"ENSG00000252620"	0	1	0	0
"ENSG00000252690"	0	0	0	1
"ENSG00000252908"	0	1	1	1
"ENSG00000252949"	0	0	1	0
"ENSG00000253008"	1	0	0	0
"ENSG00000253047"	1	0	0	1
"ENSG00000253111"	1	1	1	1
"ENSG00000253174"	0	1	0	0
"ENSG00000253190"	0	1	0	1
"ENSG00000253210"	0	1	0	0
"ENSG00000253214"	0	0	1	1
"ENSG00000253218"	0	0	0	1
"ENSG00000253263"	1	1	1	0
"ENSG00000253314"	0	0	0	1
"ENSG00000253320"	1	1	1	1
"ENSG00000253372"	1	1	1	1
"ENSG00000253408"	0	0	1	1
"ENSG00000253522"	1	1	1	0
"ENSG00000253535"	0	1	0	0
"ENSG00000253556"	0	0	0	1
"ENSG00000253586"	0	0	0	1
"ENSG00000253628"	0	1	0	1
"ENSG00000253653"	1	1	0	1
"ENSG00000253663"	1	1	0	0
"ENSG00000253669"	1	1	1	1
"ENSG00000253729"	1	1	1	1
"ENSG00000253736"	0	0	1	1
"ENSG00000253797"	0	1	0	0
"ENSG00000253893"	1	1	1	0
"ENSG00000253943"	1	1	0	0
"ENSG00000254017"	1	0	0	0
"ENSG00000254027"	0	0	1	1
"ENSG00000254281"	1	1	1	1
"ENSG00000254288"	1	0	0	0
"ENSG00000254328"	0	0	1	0
"ENSG00000254415"	1	1	1	1
"ENSG00000254420"	1	1	1	1
"ENSG00000254477"	1	1	1	1
"ENSG00000254512"	1	1	0	1
"ENSG00000254578"	0	1	1	1
"ENSG00000254639"	1	0	0	0
"ENSG00000254671"	0	0	1	0
"ENSG00000254676"	1	0	0	0
"ENSG00000254719"	1	0	0	0
"ENSG00000254750"	1	1	1	1
"ENSG00000254791"	1	0	1	1
"ENSG00000254793"	1	0	0	1
"ENSG00000254884"	1	1	1	1
"ENSG00000254887"	1	0	0	0
"ENSG00000254985"	1	1	0	0
"ENSG00000255050"	0	0	1	0
"ENSG00000255097"	1	1	1	1
"ENSG00000255150"	1	0	0	1
"ENSG00000255163"	1	1	1	1
"ENSG00000255221"	1	1	1	1
"ENSG00000255299"	0	1	0	1
"ENSG00000255355"	1	1	1	1
"ENSG00000255363"	0	1	0	1
"ENSG00000255398"	0	1	1	1
"ENSG00000255423"	1	1	0	0
"ENSG00000255521"	1	1	1	1
"ENSG00000255670"	1	1	1	1
"ENSG00000255680"	0	1	1	1
"ENSG00000255786"	1	0	0	1
"ENSG00000255857"	0	0	1	0
"ENSG00000255874"	0	1	1	1
"ENSG00000255946"	1	0	0	0
"ENSG00000255966"	1	0	0	0
"ENSG00000256043"	0	0	0	1
"ENSG00000256053"	1	0	0	0
"ENSG00000256060"	1	0	0	0
"ENSG00000256092"	1	0	0	0
"ENSG00000256116"	1	0	0	0
"ENSG00000256229"	1	1	0	1
"ENSG00000256249"	0	1	0	0
"ENSG00000256294"	0	0	0	1
"ENSG00000256347"	0	0	1	0
"ENSG00000256361"	1	0	0	0
"ENSG00000256372"	0	1	1	1
"ENSG00000256525"	0	0	0	1
"ENSG00000256591"	1	1	0	1
"ENSG00000256671"	1	1	1	1
"ENSG00000256843"	0	1	1	1
"ENSG00000257038"	1	1	0	0
"ENSG00000257122"	0	0	0	1
"ENSG00000257169"	1	0	0	0
"ENSG00000257207"	1	1	0	1
"ENSG00000257242"	0	0	0	1
"ENSG00000257509"	1	0	0	0
"ENSG00000257696"	0	0	1	0
"ENSG00000257698"	1	0	0	0
"ENSG00000257839"	0	1	0	0
"ENSG00000258001"	0	0	1	0
"ENSG00000258056"	0	1	1	1
"ENSG00000258082"	0	1	1	1
"ENSG00000258101"	1	1	1	0
"ENSG00000258111"	1	0	0	0
"ENSG00000258215"	1	1	0	1
"ENSG00000258227"	1	1	1	1
"ENSG00000258230"	1	0	0	0
"ENSG00000258315"	0	1	0	0
"ENSG00000258357"	0	0	0	1
"ENSG00000258404"	0	1	1	1
"ENSG00000258413"	1	0	0	0
"ENSG00000258441"	1	1	1	1
"ENSG00000258499"	1	0	0	0
"ENSG00000258512"	0	1	1	1
"ENSG00000258539"	1	1	0	0
"ENSG00000258553"	1	0	0	0
"ENSG00000258597"	0	1	1	1
"ENSG00000258602"	0	1	1	1
"ENSG00000258623"	0	1	1	1
"ENSG00000258632"	0	1	0	0
"ENSG00000258738"	0	1	1	1
"ENSG00000258749"	1	1	0	0
"ENSG00000258777"	0	1	0	1
"ENSG00000258785"	1	0	1	1
"ENSG00000258819"	0	1	0	1
"ENSG00000258820"	1	0	0	0
"ENSG00000258831"	1	0	1	0
"ENSG00000258860"	0	1	1	1
"ENSG00000258867"	1	0	0	0
"ENSG00000258872"	1	1	1	1
"ENSG00000258919"	0	1	1	0
"ENSG00000258922"	1	1	1	0
"ENSG00000258926"	0	0	0	1
"ENSG00000258976"	1	1	0	1
"ENSG00000259003"	0	1	0	1
"ENSG00000259062"	0	0	0	1
"ENSG00000259066"	0	1	0	0
"ENSG00000259109"	0	1	1	0
"ENSG00000259182"	1	1	0	0
"ENSG00000259248"	0	0	0	1
"ENSG00000259293"	1	1	1	0
"ENSG00000259343"	1	0	0	0
"ENSG00000259354"	1	1	1	1
"ENSG00000259374"	0	1	1	1
"ENSG00000259377"	0	1	0	0
"ENSG00000259379"	0	1	1	1
"ENSG00000259398"	1	1	1	1
"ENSG00000259438"	0	1	1	1
"ENSG00000259473"	0	0	0	1
"ENSG00000259476"	0	1	1	1
"ENSG00000259496"	1	0	0	0
"ENSG00000259535"	0	0	1	1
"ENSG00000259548"	1	1	0	1
"ENSG00000259600"	0	1	1	1
"ENSG00000259626"	0	1	1	1
"ENSG00000259641"	0	1	0	0
"ENSG00000259651"	0	1	1	1
"ENSG00000259652"	1	0	0	0
"ENSG00000259671"	0	1	1	1
"ENSG00000259687"	1	0	0	0
"ENSG00000259717"	0	1	1	1
"ENSG00000259719"	1	0	0	0
"ENSG00000259758"	1	1	1	1
"ENSG00000259768"	0	1	0	0
"ENSG00000259912"	1	1	1	1
"ENSG00000259959"	1	1	1	1
"ENSG00000259962"	1	1	1	1
"ENSG00000260052"	1	1	0	1
"ENSG00000260060"	0	0	0	1
"ENSG00000260086"	1	1	1	0
"ENSG00000260135"	1	1	1	1
"ENSG00000260144"	1	1	1	1
"ENSG00000260152"	0	0	1	1
"ENSG00000260166"	1	0	1	0
"ENSG00000260196"	1	1	1	1
"ENSG00000260231"	0	1	0	1
"ENSG00000260236"	0	1	0	1
"ENSG00000260273"	0	1	0	0
"ENSG00000260278"	0	0	1	1
"ENSG00000260286"	1	0	0	0
"ENSG00000260287"	0	1	0	0
"ENSG00000260306"	0	0	0	1
"ENSG00000260339"	0	0	1	1
"ENSG00000260367"	0	1	1	0
"ENSG00000260401"	1	0	0	0
"ENSG00000260425"	0	1	0	0
"ENSG00000260452"	1	0	0	1
"ENSG00000260475"	1	0	0	0
"ENSG00000260651"	0	1	1	1
"ENSG00000260672"	1	1	1	1
"ENSG00000260708"	0	1	1	1
"ENSG00000260727"	0	1	1	1
"ENSG00000260757"	1	1	1	1
"ENSG00000260805"	0	0	1	1
"ENSG00000260837"	1	0	0	0
"ENSG00000260865"	1	0	0	0
"ENSG00000260868"	1	0	0	0
"ENSG00000260895"	0	0	0	1
"ENSG00000260911"	0	0	1	1
"ENSG00000260942"	1	0	0	0
"ENSG00000260943"	1	0	0	0
"ENSG00000260996"	0	0	0	1
"ENSG00000260997"	0	1	0	1
"ENSG00000261024"	1	1	1	1
"ENSG00000261030"	0	1	0	1
"ENSG00000261055"	0	1	0	1
"ENSG00000261056"	0	1	0	0
"ENSG00000261079"	0	0	1	0
"ENSG00000261097"	1	0	0	1
"ENSG00000261114"	1	0	0	0
"ENSG00000261150"	0	1	0	1
"ENSG00000261202"	1	0	0	0
"ENSG00000261229"	1	1	1	1
"ENSG00000261324"	1	0	1	0
"ENSG00000261334"	0	1	0	1
"ENSG00000261416"	0	1	0	0
"ENSG00000261423"	1	0	0	0
"ENSG00000261430"	0	1	1	1
"ENSG00000261438"	1	1	1	0
"ENSG00000261449"	1	0	0	0
"ENSG00000261471"	0	0	1	0
"ENSG00000261573"	0	1	0	0
"ENSG00000261574"	1	1	1	1
"ENSG00000261692"	0	1	0	0
"ENSG00000261693"	0	1	1	1
"ENSG00000261817"	0	1	1	1
"ENSG00000261839"	0	0	1	0
"ENSG00000261845"	0	1	0	0
"ENSG00000261888"	0	0	0	1
"ENSG00000261971"	0	0	1	0
"ENSG00000262001"	1	1	1	1
"ENSG00000262074"	0	1	0	0
"ENSG00000262089"	1	0	0	0
"ENSG00000262172"	0	1	1	1
"ENSG00000262202"	0	1	0	0
"ENSG00000262380"	0	1	0	0
"ENSG00000262408"	1	0	0	0
"ENSG00000262420"	0	0	0	1
"ENSG00000262429"	1	0	1	1
"ENSG00000262514"	1	1	1	1
"ENSG00000262533"	0	1	1	1
"ENSG00000262583"	0	1	1	1
"ENSG00000262652"	0	1	1	1
"ENSG00000262678"	1	0	0	0
"ENSG00000262712"	0	0	1	1
"ENSG00000263050"	0	1	1	1
"ENSG00000263065"	1	0	0	0
"ENSG00000263069"	1	0	0	0
"ENSG00000263276"	1	0	0	0
"ENSG00000263437"	1	1	1	0
"ENSG00000263494"	1	0	0	0
"ENSG00000263528"	1	0	0	0
"ENSG00000263548"	0	1	0	1
"ENSG00000263627"	1	0	0	0
"ENSG00000263628"	1	1	1	0
"ENSG00000263712"	0	1	0	1
"ENSG00000263768"	1	0	0	0
"ENSG00000263800"	0	1	1	1
"ENSG00000263897"	0	0	1	0
"ENSG00000263916"	1	0	0	0
"ENSG00000263980"	0	0	1	0
"ENSG00000264017"	1	1	1	1
"ENSG00000264112"	0	1	0	0
"ENSG00000264173"	1	1	1	0
"ENSG00000264188"	0	1	0	0
"ENSG00000264343"	1	0	1	0
"ENSG00000264344"	0	1	0	0
"ENSG00000264357"	1	0	0	0
"ENSG00000264384"	1	1	0	0
"ENSG00000264419"	1	0	0	0
"ENSG00000264469"	1	1	1	1
"ENSG00000264522"	0	1	0	0
"ENSG00000264572"	0	1	0	0
"ENSG00000264583"	1	0	0	0
"ENSG00000264616"	1	0	0	0
"ENSG00000264684"	0	1	0	1
"ENSG00000264739"	1	0	0	0
"ENSG00000264743"	0	1	0	0
"ENSG00000264754"	0	1	0	1
"ENSG00000264757"	1	1	1	1
"ENSG00000264764"	0	1	0	0
"ENSG00000264819"	0	1	1	0
"ENSG00000264831"	1	1	1	1
"ENSG00000264853"	1	1	1	0
"ENSG00000264885"	1	0	0	0
"ENSG00000264916"	1	1	1	0
"ENSG00000264950"	0	0	1	0
"ENSG00000264954"	0	0	0	1
"ENSG00000264991"	1	0	0	0
"ENSG00000265112"	1	0	0	1
"ENSG00000265113"	1	0	0	0
"ENSG00000265134"	0	1	1	1
"ENSG00000265137"	0	0	0	1
"ENSG00000265185"	0	0	0	1
"ENSG00000265195"	1	0	0	0
"ENSG00000265287"	1	1	0	0
"ENSG00000265321"	0	0	1	0
"ENSG00000265432"	0	1	1	1
"ENSG00000265452"	0	0	1	1
"ENSG00000265496"	1	0	0	0
"ENSG00000265531"	1	0	0	0
"ENSG00000265584"	1	1	0	0
"ENSG00000265625"	0	1	0	0
"ENSG00000265719"	0	0	1	0
"ENSG00000265808"	1	1	1	1
"ENSG00000265828"	0	1	0	0
"ENSG00000265845"	1	0	0	0
"ENSG00000265871"	1	1	1	1
"ENSG00000265879"	0	0	0	1
"ENSG00000265972"	0	1	0	0
"ENSG00000265975"	1	1	1	1
"ENSG00000266017"	1	0	0	0
"ENSG00000266127"	1	1	0	1
"ENSG00000266173"	1	1	0	0
"ENSG00000266236"	1	1	0	1
"ENSG00000266239"	0	1	0	1
"ENSG00000266313"	1	0	0	1
"ENSG00000266320"	0	0	1	0
"ENSG00000266338"	0	0	1	0
"ENSG00000266371"	1	0	0	0
"ENSG00000266378"	1	1	1	1
"ENSG00000266389"	0	1	1	1
"ENSG00000266401"	0	0	1	0
"ENSG00000266472"	0	0	0	1
"ENSG00000266498"	0	1	1	1
"ENSG00000266604"	0	1	0	0
"ENSG00000266642"	0	1	0	0
"ENSG00000266677"	1	0	0	0
"ENSG00000266680"	1	0	0	0
"ENSG00000266698"	0	1	1	1
"ENSG00000266709"	1	1	1	1
"ENSG00000266770"	1	0	0	1
"ENSG00000266852"	1	0	0	0
"ENSG00000266877"	1	1	0	1
"ENSG00000266921"	1	0	0	0
"ENSG00000266947"	0	0	1	0
"ENSG00000266960"	1	0	0	1
"ENSG00000266965"	1	1	0	0
"ENSG00000266970"	0	0	1	0
"ENSG00000266980"	0	0	1	0
"ENSG00000266993"	0	0	1	1
"ENSG00000267035"	1	0	0	0
"ENSG00000267062"	0	0	1	1
"ENSG00000267083"	1	0	0	0
"ENSG00000267121"	1	0	0	0
"ENSG00000267123"	1	1	0	0
"ENSG00000267194"	0	0	1	0
"ENSG00000267195"	0	0	0	1
"ENSG00000267200"	0	1	0	0
"ENSG00000267212"	0	1	1	1
"ENSG00000267214"	0	1	1	1
"ENSG00000267257"	0	1	0	1
"ENSG00000267262"	1	0	0	0
"ENSG00000267265"	0	1	1	0
"ENSG00000267270"	1	0	0	0
"ENSG00000267275"	1	0	0	0
"ENSG00000267277"	0	0	0	1
"ENSG00000267278"	0	1	1	1
"ENSG00000267283"	1	0	0	0
"ENSG00000267288"	1	0	0	0
"ENSG00000267365"	1	1	1	1
"ENSG00000267394"	1	0	0	0
"ENSG00000267519"	0	0	0	1
"ENSG00000267549"	1	0	0	0
"ENSG00000267551"	0	1	0	0
"ENSG00000267637"	1	1	0	1
"ENSG00000267680"	0	1	0	0
"ENSG00000267702"	1	0	0	0
"ENSG00000267757"	1	1	1	1
"ENSG00000267783"	0	0	1	0
"ENSG00000267858"	1	0	0	0
"ENSG00000267874"	0	0	0	1
"ENSG00000267895"	0	1	0	0
"ENSG00000267898"	0	1	1	1
"ENSG00000267938"	0	0	0	1
"ENSG00000267940"	1	1	0	1
"ENSG00000267990"	1	0	0	0
"ENSG00000268001"	0	0	0	1
"ENSG00000268117"	1	0	0	1
"ENSG00000268119"	0	1	0	0
"ENSG00000268154"	1	0	0	0
"ENSG00000268173"	0	1	0	1
"ENSG00000268220"	1	1	1	0
"ENSG00000268240"	1	1	1	1
"ENSG00000268278"	1	0	0	0
"ENSG00000268279"	0	1	0	0
"ENSG00000268362"	1	1	1	1
"ENSG00000268403"	0	1	1	0
"ENSG00000268521"	1	0	0	0
"ENSG00000268555"	1	0	0	0
"ENSG00000268575"	0	0	0	1
"ENSG00000268635"	1	1	1	1
"ENSG00000268658"	0	1	1	1
"ENSG00000268713"	1	0	0	0
"ENSG00000268734"	0	1	1	0
"ENSG00000268849"	0	1	0	0
"ENSG00000268955"	0	1	0	1
"ENSG00000269019"	1	1	1	1
"ENSG00000269038"	1	0	0	0
"ENSG00000269051"	0	0	1	0
"ENSG00000269119"	0	0	0	1
"ENSG00000269194"	1	0	0	0
"ENSG00000269220"	0	1	1	1
"ENSG00000269303"	0	1	1	1
"ENSG00000269378"	0	1	0	0
"ENSG00000269444"	1	0	0	0
"ENSG00000269578"	1	0	1	0
"ENSG00000269680"	1	0	1	0
"ENSG00000269688"	1	0	0	0
"ENSG00000269713"	0	0	0	1
"ENSG00000269751"	0	1	0	0
"ENSG00000269821"	1	1	1	1
"ENSG00000269837"	0	1	1	1
"ENSG00000269902"	0	1	1	1
"ENSG00000269919"	1	1	1	1
"ENSG00000269925"	1	0	0	0
"ENSG00000269927"	0	1	0	1
"ENSG00000269951"	0	1	0	0
"ENSG00000269952"	0	1	0	0
"ENSG00000269959"	0	1	1	1
"ENSG00000269961"	0	0	1	0
"ENSG00000269967"	1	0	0	0
"ENSG00000269968"	0	0	0	1
"ENSG00000270012"	0	1	0	0
"ENSG00000270019"	0	1	1	1
"ENSG00000270022"	0	1	0	0
"ENSG00000270030"	1	0	0	0
"ENSG00000270069"	0	1	1	1
"ENSG00000270120"	0	0	1	1
"ENSG00000270133"	1	0	0	0
"ENSG00000270154"	1	1	1	0
"ENSG00000270210"	1	1	1	1
"ENSG00000270302"	1	0	0	0
"ENSG00000270419"	0	0	0	1
"ENSG00000270426"	1	0	0	0
"ENSG00000270457"	0	0	0	1
"ENSG00000270640"	0	0	1	1
"ENSG00000270750"	1	1	1	1
"ENSG00000270802"	0	1	0	0
"ENSG00000270820"	1	0	0	0
"ENSG00000270883"	1	1	0	1
"ENSG00000270885"	0	0	0	1
"ENSG00000270920"	0	0	0	1
"ENSG00000270948"	0	1	0	0
"ENSG00000271204"	0	1	0	0
"ENSG00000271257"	1	0	0	0
"ENSG00000271327"	1	0	0	0
"ENSG00000271361"	1	0	0	0
"ENSG00000271383"	1	1	1	1
"ENSG00000271614"	0	1	1	1
"ENSG00000271780"	1	1	1	1
"ENSG00000271806"	0	0	0	1
"ENSG00000271819"	0	1	1	0
"ENSG00000271855"	0	1	1	1
"ENSG00000271856"	1	1	1	1
"ENSG00000271857"	1	0	0	0
"ENSG00000271886"	1	1	1	1
"ENSG00000271913"	0	1	0	1
"ENSG00000271931"	0	1	1	1
"ENSG00000271975"	0	0	1	0
"ENSG00000271976"	1	1	0	1
"ENSG00000271991"	0	1	1	1
"ENSG00000272008"	0	1	1	1
"ENSG00000272016"	1	1	1	1
"ENSG00000272033"	1	0	0	0
"ENSG00000272037"	1	0	0	0
"ENSG00000272084"	1	1	1	1
"ENSG00000272092"	1	0	0	0
"ENSG00000272175"	0	0	0	1
"ENSG00000272186"	0	0	0	1
"ENSG00000272247"	0	0	0	1
"ENSG00000272256"	1	0	0	0
"ENSG00000272273"	0	1	0	0
"ENSG00000272288"	0	1	1	1
"ENSG00000272341"	1	1	0	0
"ENSG00000272356"	1	0	0	0
"ENSG00000272362"	0	1	1	1
"ENSG00000272367"	1	0	0	0
"ENSG00000272368"	0	1	0	0
"ENSG00000272374"	1	1	0	0
"ENSG00000272379"	1	1	1	1
"ENSG00000272384"	0	1	1	1
"ENSG00000272403"	1	1	1	1
"ENSG00000272449"	0	1	1	1
"ENSG00000272501"	0	1	0	0
"ENSG00000272506"	1	1	0	0
"ENSG00000272512"	0	1	1	1
"ENSG00000272524"	0	1	1	1
"ENSG00000272540"	1	1	1	1
"ENSG00000272545"	1	0	0	0
"ENSG00000272565"	1	1	1	1
"ENSG00000272630"	1	1	0	1
"ENSG00000272636"	0	1	1	1
"ENSG00000272666"	1	0	0	0
"ENSG00000272667"	0	1	0	0
"ENSG00000272669"	1	1	1	1
"ENSG00000272752"	0	1	0	0
"ENSG00000272768"	1	1	1	1
"ENSG00000272831"	1	0	0	0
"ENSG00000272888"	1	0	0	0
"ENSG00000272899"	0	1	1	1
"ENSG00000272911"	1	1	1	1
"ENSG00000272953"	1	0	0	0
"ENSG00000272994"	0	1	0	0
"ENSG00000273002"	1	1	1	1
"ENSG00000273004"	0	1	1	1
"ENSG00000273008"	0	1	0	1
"ENSG00000273015"	1	0	0	0
"ENSG00000273017"	0	0	0	1
"ENSG00000273033"	1	0	0	0
"ENSG00000273038"	1	0	0	1
"ENSG00000273076"	0	1	1	1
"ENSG00000273117"	0	1	1	1
"ENSG00000273129"	0	1	0	1
"ENSG00000273133"	0	0	0	1
"ENSG00000273142"	1	1	1	1
"ENSG00000273148"	0	0	0	1
"ENSG00000273176"	0	1	1	1
"ENSG00000273237"	0	0	0	1
"ENSG00000273245"	1	0	0	0
"ENSG00000273258"	1	0	0	0
"ENSG00000273311"	1	1	1	1
"ENSG00000273320"	1	0	0	0
"ENSG00000273341"	1	1	1	1
"ENSG00000273373"	0	1	0	0
"ENSG00000273382"	0	1	0	1
"ENSG00000273464"	0	0	0	1
"ENSG00000273513"	0	0	1	0
"ENSG00000273565"	1	0	0	0
"ENSG00000273597"	1	0	0	0
"ENSG00000273599"	0	0	0	1
"ENSG00000273604"	1	1	1	1
"ENSG00000273654"	1	0	1	0
"ENSG00000273691"	1	1	1	1
"ENSG00000273702"	0	1	1	1
"ENSG00000273724"	0	1	0	0
"ENSG00000273742"	0	1	1	1
"ENSG00000273759"	0	1	0	0
"ENSG00000273783"	0	1	1	1
"ENSG00000273812"	1	0	1	0
"ENSG00000273837"	1	1	1	1
"ENSG00000273980"	0	0	1	1
"ENSG00000274008"	1	0	0	0
"ENSG00000274021"	1	1	0	0
"ENSG00000274051"	1	0	0	0
"ENSG00000274054"	1	1	0	0
"ENSG00000274213"	0	1	1	1
"ENSG00000274215"	1	1	1	1
"ENSG00000274245"	1	0	0	0
"ENSG00000274270"	0	0	1	1
"ENSG00000274277"	1	0	0	0
"ENSG00000274286"	1	1	1	1
"ENSG00000274315"	0	1	0	0
"ENSG00000274322"	1	0	0	0
"ENSG00000274419"	0	0	0	1
"ENSG00000274423"	0	1	0	0
"ENSG00000274508"	0	1	1	1
"ENSG00000274514"	1	0	0	0
"ENSG00000274528"	1	1	1	1
"ENSG00000274555"	1	1	1	1
"ENSG00000274598"	0	1	0	0
"ENSG00000274615"	0	1	0	0
"ENSG00000274695"	0	1	0	0
"ENSG00000274767"	1	1	1	1
"ENSG00000274954"	1	0	0	0
"ENSG00000274986"	1	0	0	0
"ENSG00000274987"	0	1	0	0
"ENSG00000275023"	1	1	1	1
"ENSG00000275106"	1	0	0	0
"ENSG00000275109"	0	0	1	0
"ENSG00000275111"	0	1	0	0
"ENSG00000275131"	0	1	0	0
"ENSG00000275202"	0	1	1	1
"ENSG00000275210"	0	1	0	1
"ENSG00000275238"	0	1	0	1
"ENSG00000275302"	1	1	1	1
"ENSG00000275371"	0	1	0	0
"ENSG00000275373"	0	1	0	1
"ENSG00000275532"	1	1	1	1
"ENSG00000275538"	0	1	0	1
"ENSG00000275560"	1	0	1	0
"ENSG00000275576"	0	1	0	0
"ENSG00000275582"	1	0	0	0
"ENSG00000275638"	0	1	0	1
"ENSG00000275666"	1	0	0	0
"ENSG00000275676"	1	1	0	0
"ENSG00000275693"	1	1	0	1
"ENSG00000275709"	0	1	0	1
"ENSG00000275846"	1	0	0	0
"ENSG00000275888"	0	0	0	1
"ENSG00000275948"	0	0	0	1
"ENSG00000276030"	1	1	0	0
"ENSG00000276045"	1	0	0	0
"ENSG00000276058"	1	0	0	0
"ENSG00000276070"	1	1	1	1
"ENSG00000276083"	0	1	1	1
"ENSG00000276085"	1	1	1	1
"ENSG00000276103"	0	0	0	1
"ENSG00000276136"	1	0	0	1
"ENSG00000276248"	1	1	1	1
"ENSG00000276376"	1	1	1	1
"ENSG00000276386"	1	0	0	1
"ENSG00000276404"	1	1	1	1
"ENSG00000276422"	0	0	1	0
"ENSG00000276471"	1	0	1	0
"ENSG00000276529"	0	1	0	0
"ENSG00000276649"	0	0	1	0
"ENSG00000276706"	0	1	1	1
"ENSG00000276900"	0	1	1	1
"ENSG00000276916"	1	1	0	1
"ENSG00000276980"	1	1	1	1
"ENSG00000277073"	0	1	0	0
"ENSG00000277089"	0	0	0	1
"ENSG00000277117"	1	0	0	0
"ENSG00000277130"	1	0	0	0
"ENSG00000277150"	0	1	0	0
"ENSG00000277224"	0	0	1	1
"ENSG00000277233"	0	1	0	1
"ENSG00000277255"	0	1	1	1
"ENSG00000277283"	0	1	0	0
"ENSG00000277346"	1	0	0	0
"ENSG00000277443"	1	1	1	1
"ENSG00000277496"	0	1	1	0
"ENSG00000277543"	0	1	0	1
"ENSG00000277545"	1	0	0	0
"ENSG00000277595"	0	1	0	1
"ENSG00000277632"	1	1	1	1
"ENSG00000277715"	0	0	1	0
"ENSG00000277767"	0	1	0	1
"ENSG00000277817"	1	0	0	0
"ENSG00000277895"	1	1	1	1
"ENSG00000277901"	1	0	0	0
"ENSG00000277904"	0	1	1	1
"ENSG00000277958"	1	0	0	0
"ENSG00000277969"	1	1	1	1
"ENSG00000277972"	1	1	1	0
"ENSG00000278195"	0	0	0	1
"ENSG00000278309"	0	1	1	1
"ENSG00000278330"	0	1	1	1
"ENSG00000278376"	1	0	0	0
"ENSG00000278467"	1	1	0	0
"ENSG00000278493"	0	1	0	0
"ENSG00000278546"	1	1	1	1
"ENSG00000278598"	0	1	1	1
"ENSG00000278601"	1	0	0	0
"ENSG00000278607"	1	1	1	1
"ENSG00000278705"	0	1	0	0
"ENSG00000278743"	0	0	0	1
"ENSG00000278792"	1	1	1	1
"ENSG00000278816"	1	0	0	1
"ENSG00000278829"	0	1	0	0
"ENSG00000278832"	0	1	1	1
"ENSG00000278869"	0	1	1	1
"ENSG00000278909"	1	1	1	1
"ENSG00000278970"	0	0	1	1
"ENSG00000278976"	1	1	1	1
"ENSG00000278985"	0	1	0	0
"ENSG00000278991"	0	0	0	1
"ENSG00000279024"	1	1	1	0
"ENSG00000279058"	0	0	0	1
"ENSG00000279086"	0	1	0	0
"ENSG00000279109"	1	1	1	1
"ENSG00000279155"	0	1	0	0
"ENSG00000279162"	1	0	0	0
"ENSG00000279164"	0	1	0	0
"ENSG00000279166"	1	1	1	1
"ENSG00000279176"	1	0	0	0
"ENSG00000279198"	1	0	0	0
"ENSG00000279227"	0	1	1	1
"ENSG00000279232"	1	1	0	0
"ENSG00000279243"	1	0	0	1
"ENSG00000279254"	0	1	0	0
"ENSG00000279259"	1	0	0	0
"ENSG00000279277"	0	1	0	0
"ENSG00000279320"	1	0	0	0
"ENSG00000279339"	1	0	0	0
"ENSG00000279355"	1	0	1	1
"ENSG00000279377"	0	0	0	1
"ENSG00000279394"	1	1	0	1
"ENSG00000279396"	1	0	0	0
"ENSG00000279401"	0	0	0	1
"ENSG00000279415"	1	0	0	0
"ENSG00000279416"	1	0	0	0
"ENSG00000279425"	1	1	1	1
"ENSG00000279430"	0	0	0	1
"ENSG00000279433"	1	0	0	1
"ENSG00000279434"	1	1	0	0
"ENSG00000279447"	1	1	1	1
"ENSG00000279474"	0	1	0	0
"ENSG00000279476"	1	1	1	1
"ENSG00000279489"	0	0	0	1
"ENSG00000279491"	1	0	0	0
"ENSG00000279496"	1	1	0	0
"ENSG00000279500"	1	0	0	0
"ENSG00000279519"	0	1	0	0
"ENSG00000279520"	0	0	1	0
"ENSG00000279522"	0	1	0	0
"ENSG00000279544"	0	0	1	0
"ENSG00000279573"	1	1	0	0
"ENSG00000279584"	0	1	0	1
"ENSG00000279592"	0	1	0	0
"ENSG00000279600"	1	0	0	0
"ENSG00000279602"	0	1	0	1
"ENSG00000279616"	1	0	0	0
"ENSG00000279631"	0	1	1	0
"ENSG00000279632"	1	0	0	1
"ENSG00000279644"	0	0	1	0
"ENSG00000279649"	1	0	0	0
"ENSG00000279653"	0	1	0	0
"ENSG00000279693"	0	1	0	0
"ENSG00000279696"	1	0	0	0
"ENSG00000279699"	1	1	1	1
"ENSG00000279700"	1	1	1	1
"ENSG00000279719"	0	1	1	1
"ENSG00000279727"	1	1	0	0
"ENSG00000279738"	1	1	0	0
"ENSG00000279744"	1	1	0	1
"ENSG00000279821"	1	1	1	1
"ENSG00000279834"	0	1	0	0
"ENSG00000279861"	1	0	0	0
"ENSG00000279865"	0	1	1	1
"ENSG00000279866"	1	1	0	1
"ENSG00000279873"	1	0	0	0
"ENSG00000279880"	0	1	0	0
"ENSG00000279884"	0	1	0	0
"ENSG00000279939"	1	0	0	1
"ENSG00000279946"	1	1	1	1
"ENSG00000279977"	1	1	0	0
"ENSG00000279981"	0	0	0	1
"ENSG00000279996"	1	1	1	0
"ENSG00000280008"	1	1	1	1
"ENSG00000280046"	1	1	1	1
"ENSG00000280069"	0	1	0	0
"ENSG00000280077"	0	1	0	0
"ENSG00000280111"	0	1	1	1
"ENSG00000280128"	1	1	1	0
"ENSG00000280153"	0	1	0	0
"ENSG00000280161"	0	1	0	0
"ENSG00000280162"	0	1	0	1
"ENSG00000280166"	0	1	0	0
"ENSG00000280181"	0	1	1	1
"ENSG00000280194"	0	0	1	1
"ENSG00000280205"	1	1	0	0
"ENSG00000280213"	0	1	1	1
"ENSG00000280228"	1	1	1	1
"ENSG00000280248"	1	1	0	1
"ENSG00000280287"	1	1	1	1
"ENSG00000280292"	1	1	1	1
"ENSG00000280326"	0	1	0	1
"ENSG00000280328"	1	0	0	0
"ENSG00000280351"	0	0	0	1
"ENSG00000280376"	0	1	1	1
"ENSG00000280388"	1	0	0	0
"ENSG00000280407"	0	0	0	1
"ENSG00000280413"	0	1	0	0
"ENSG00000280434"	0	0	0	1
