"PMN_1h_vs_PMN_0h"	"130+PMN_1h_vs_130+PMN_0h"	"3X130+PMN_1h_vs_3X130+PMN_0h"	"H041+PMN_1h_vs_H041+PMN_0h"
"ENSG00000002919"	1	1	0	0
"ENSG00000004799"	1	1	1	1
"ENSG00000006555"	0	1	0	1
"ENSG00000007376"	0	1	0	0
"ENSG00000008128"	1	0	0	0
"ENSG00000010165"	0	1	0	0
"ENSG00000011523"	0	0	1	1
"ENSG00000013523"	0	0	0	1
"ENSG00000014138"	0	1	0	0
"ENSG00000014919"	0	1	0	1
"ENSG00000015532"	0	1	0	0
"ENSG00000016864"	1	1	0	1
"ENSG00000024048"	1	1	0	0
"ENSG00000034533"	1	0	0	1
"ENSG00000038002"	0	0	0	1
"ENSG00000047932"	0	0	1	0
"ENSG00000054148"	0	0	0	1
"ENSG00000058729"	0	0	1	1
"ENSG00000063176"	0	1	0	0
"ENSG00000065665"	1	0	0	0
"ENSG00000068120"	0	1	0	0
"ENSG00000068489"	0	1	0	0
"ENSG00000069712"	1	1	0	0
"ENSG00000069943"	1	0	0	0
"ENSG00000073060"	0	1	0	0
"ENSG00000073605"	0	1	0	0
"ENSG00000075826"	0	1	0	0
"ENSG00000076650"	0	1	0	0
"ENSG00000077380"	0	0	0	1
"ENSG00000080947"	0	1	0	0
"ENSG00000080986"	1	1	0	0
"ENSG00000083457"	0	1	0	0
"ENSG00000083812"	1	1	0	1
"ENSG00000083814"	0	1	0	0
"ENSG00000083838"	1	1	0	0
"ENSG00000087077"	1	0	0	0
"ENSG00000088682"	0	1	0	0
"ENSG00000089127"	0	1	0	0
"ENSG00000089335"	0	0	0	1
"ENSG00000090975"	0	1	0	0
"ENSG00000091181"	0	1	1	1
"ENSG00000091947"	0	0	1	0
"ENSG00000093134"	0	1	1	1
"ENSG00000095002"	0	1	0	0
"ENSG00000095585"	0	1	0	0
"ENSG00000099385"	0	0	0	1
"ENSG00000099985"	1	0	0	0
"ENSG00000099994"	1	1	0	0
"ENSG00000100058"	0	0	0	1
"ENSG00000100211"	1	0	0	0
"ENSG00000100218"	1	0	0	0
"ENSG00000100416"	1	1	0	1
"ENSG00000100519"	0	0	1	0
"ENSG00000100596"	0	1	0	0
"ENSG00000100711"	0	1	0	0
"ENSG00000100714"	0	0	0	1
"ENSG00000101247"	0	1	0	0
"ENSG00000101452"	0	0	0	1
"ENSG00000101473"	0	0	1	0
"ENSG00000101888"	0	0	0	1
"ENSG00000101935"	0	1	0	0
"ENSG00000102781"	0	0	1	0
"ENSG00000102796"	1	0	0	0
"ENSG00000102886"	0	1	1	0
"ENSG00000103150"	0	1	0	0
"ENSG00000103174"	0	1	0	0
"ENSG00000103245"	1	1	0	0
"ENSG00000103343"	0	1	0	0
"ENSG00000103423"	0	1	0	0
"ENSG00000103707"	1	1	1	1
"ENSG00000104129"	0	1	0	0
"ENSG00000104361"	0	0	1	0
"ENSG00000104880"	1	0	0	0
"ENSG00000104921"	0	1	0	0
"ENSG00000104973"	1	0	0	0
"ENSG00000105204"	0	1	0	0
"ENSG00000105519"	0	1	0	0
"ENSG00000105617"	0	0	0	1
"ENSG00000105708"	0	0	0	1
"ENSG00000105732"	0	1	0	0
"ENSG00000105829"	1	0	0	0
"ENSG00000105879"	0	1	0	0
"ENSG00000106077"	1	1	0	0
"ENSG00000106086"	0	0	0	1
"ENSG00000106560"	1	1	0	0
"ENSG00000107551"	0	1	0	0
"ENSG00000108187"	0	1	0	0
"ENSG00000108590"	0	1	0	0
"ENSG00000108771"	0	1	0	0
"ENSG00000108826"	0	1	0	0
"ENSG00000108984"	0	1	0	0
"ENSG00000109083"	1	1	1	1
"ENSG00000110200"	1	0	0	0
"ENSG00000111058"	1	0	0	0
"ENSG00000111276"	0	1	1	0
"ENSG00000111644"	0	0	1	0
"ENSG00000111653"	0	0	0	1
"ENSG00000111671"	0	1	0	0
"ENSG00000111846"	1	0	0	1
"ENSG00000111850"	1	0	1	0
"ENSG00000112118"	0	1	0	1
"ENSG00000112234"	1	1	0	0
"ENSG00000112592"	0	1	0	1
"ENSG00000112599"	0	1	0	0
"ENSG00000112983"	1	1	0	1
"ENSG00000113595"	0	1	1	1
"ENSG00000113597"	1	0	0	0
"ENSG00000113658"	0	0	1	0
"ENSG00000113749"	1	0	0	0
"ENSG00000114268"	1	1	0	0
"ENSG00000114346"	0	1	0	0
"ENSG00000114735"	0	0	0	1
"ENSG00000114988"	1	0	0	0
"ENSG00000115129"	0	0	0	1
"ENSG00000115221"	1	0	0	0
"ENSG00000115364"	0	1	0	0
"ENSG00000115514"	0	0	1	0
"ENSG00000116151"	0	0	1	0
"ENSG00000116205"	1	1	1	1
"ENSG00000116212"	0	0	0	1
"ENSG00000116663"	0	1	0	0
"ENSG00000116863"	0	1	1	0
"ENSG00000117010"	1	0	0	0
"ENSG00000117425"	0	0	1	0
"ENSG00000117751"	0	0	1	0
"ENSG00000118412"	0	0	1	0
"ENSG00000118514"	0	0	1	0
"ENSG00000119660"	1	0	0	0
"ENSG00000119906"	1	0	0	0
"ENSG00000119912"	0	0	1	0
"ENSG00000119922"	0	0	1	0
"ENSG00000119979"	1	0	0	0
"ENSG00000120129"	1	0	0	0
"ENSG00000120329"	0	1	0	0
"ENSG00000120662"	1	0	0	0
"ENSG00000120738"	1	1	1	1
"ENSG00000120868"	1	0	0	0
"ENSG00000120913"	1	1	0	0
"ENSG00000121058"	0	1	0	0
"ENSG00000121289"	0	1	0	0
"ENSG00000121297"	1	1	0	0
"ENSG00000121417"	1	0	0	0
"ENSG00000121486"	0	0	1	0
"ENSG00000121807"	1	1	1	1
"ENSG00000121858"	1	1	1	1
"ENSG00000121897"	0	0	1	0
"ENSG00000121957"	1	0	1	0
"ENSG00000122435"	0	0	0	1
"ENSG00000122512"	1	0	0	0
"ENSG00000122877"	1	0	0	0
"ENSG00000123405"	1	1	1	1
"ENSG00000123444"	0	1	0	0
"ENSG00000123600"	0	1	0	0
"ENSG00000123810"	0	1	0	0
"ENSG00000124459"	0	0	0	1
"ENSG00000124532"	0	0	0	1
"ENSG00000124541"	1	0	0	1
"ENSG00000124575"	0	0	0	1
"ENSG00000124659"	0	1	1	1
"ENSG00000125450"	0	1	0	0
"ENSG00000125510"	0	1	0	0
"ENSG00000125703"	1	0	0	0
"ENSG00000125740"	1	0	0	0
"ENSG00000125846"	0	1	0	0
"ENSG00000125910"	0	1	0	0
"ENSG00000125945"	1	0	0	0
"ENSG00000126107"	0	1	0	0
"ENSG00000126216"	1	1	0	0
"ENSG00000126822"	0	1	0	0
"ENSG00000127399"	0	1	0	0
"ENSG00000127528"	1	0	0	0
"ENSG00000127989"	0	1	1	0
"ENSG00000127993"	0	1	0	0
"ENSG00000128309"	0	1	0	0
"ENSG00000128311"	1	0	1	0
"ENSG00000128872"	1	1	1	1
"ENSG00000128944"	0	0	0	1
"ENSG00000129450"	0	1	0	0
"ENSG00000129534"	0	1	0	0
"ENSG00000130312"	0	0	0	1
"ENSG00000130479"	0	1	0	0
"ENSG00000130764"	0	1	0	0
"ENSG00000131115"	1	1	0	1
"ENSG00000131400"	1	0	0	0
"ENSG00000131781"	0	1	0	0
"ENSG00000131791"	0	1	0	0
"ENSG00000132109"	0	1	0	1
"ENSG00000132357"	1	1	0	1
"ENSG00000132432"	0	0	1	0
"ENSG00000132570"	1	0	0	0
"ENSG00000132603"	0	0	0	1
"ENSG00000132801"	0	1	0	0
"ENSG00000133250"	1	0	0	0
"ENSG00000133561"	0	1	0	1
"ENSG00000133574"	1	1	1	1
"ENSG00000133624"	1	0	0	1
"ENSG00000133800"	0	1	0	0
"ENSG00000134255"	1	1	0	1
"ENSG00000134285"	0	1	0	0
"ENSG00000134291"	0	1	0	0
"ENSG00000134489"	0	1	0	0
"ENSG00000135148"	1	0	0	0
"ENSG00000135845"	0	1	0	0
"ENSG00000135900"	1	1	1	1
"ENSG00000136280"	0	1	0	0
"ENSG00000136319"	0	1	0	0
"ENSG00000136448"	0	1	0	0
"ENSG00000136463"	0	1	0	0
"ENSG00000136630"	1	1	1	1
"ENSG00000137070"	1	1	0	0
"ENSG00000137218"	0	1	0	0
"ENSG00000137692"	0	0	0	1
"ENSG00000137942"	0	1	0	0
"ENSG00000137992"	0	1	0	0
"ENSG00000138381"	0	0	0	1
"ENSG00000138449"	0	0	1	1
"ENSG00000138604"	0	0	0	1
"ENSG00000138617"	0	0	1	0
"ENSG00000139679"	0	0	0	1
"ENSG00000139899"	0	1	0	0
"ENSG00000140104"	0	0	1	0
"ENSG00000140326"	0	1	0	0
"ENSG00000140650"	0	1	0	0
"ENSG00000140993"	0	0	1	0
"ENSG00000141096"	0	1	0	0
"ENSG00000141219"	0	1	0	0
"ENSG00000141994"	1	0	0	0
"ENSG00000142065"	0	0	0	1
"ENSG00000142252"	1	1	0	1
"ENSG00000142396"	1	0	0	0
"ENSG00000142444"	0	0	0	1
"ENSG00000142528"	1	1	0	0
"ENSG00000143353"	1	0	0	0
"ENSG00000143452"	1	0	0	0
"ENSG00000143554"	0	0	0	1
"ENSG00000143633"	0	0	1	1
"ENSG00000143740"	0	0	0	1
"ENSG00000143995"	0	0	1	0
"ENSG00000144362"	0	1	0	0
"ENSG00000144827"	0	0	1	0
"ENSG00000145244"	0	1	0	0
"ENSG00000145331"	0	0	0	1
"ENSG00000145416"	1	1	1	1
"ENSG00000145545"	0	0	1	0
"ENSG00000145882"	0	1	0	0
"ENSG00000145912"	0	0	0	1
"ENSG00000146122"	1	0	0	0
"ENSG00000146425"	0	1	1	1
"ENSG00000146556"	0	1	0	0
"ENSG00000146842"	0	0	0	1
"ENSG00000147443"	0	1	0	0
"ENSG00000147601"	0	1	0	0
"ENSG00000147996"	1	0	1	1
"ENSG00000148399"	1	0	0	0
"ENSG00000148411"	0	1	0	0
"ENSG00000148606"	1	0	0	0
"ENSG00000148835"	0	1	0	0
"ENSG00000149292"	0	1	0	0
"ENSG00000149313"	0	0	1	0
"ENSG00000149636"	0	1	1	0
"ENSG00000149716"	0	1	0	0
"ENSG00000150527"	0	0	1	0
"ENSG00000150681"	0	0	1	0
"ENSG00000150776"	0	1	0	1
"ENSG00000150787"	1	0	0	0
"ENSG00000151445"	0	1	0	0
"ENSG00000151665"	0	0	0	1
"ENSG00000151702"	0	1	0	0
"ENSG00000152240"	0	0	0	1
"ENSG00000152457"	0	1	0	0
"ENSG00000152556"	0	0	0	1
"ENSG00000152642"	0	1	0	0
"ENSG00000152804"	0	1	0	0
"ENSG00000153487"	1	1	0	0
"ENSG00000153721"	0	1	0	0
"ENSG00000153767"	0	0	1	1
"ENSG00000154537"	0	1	0	0
"ENSG00000155621"	0	0	1	0
"ENSG00000156928"	0	1	0	0
"ENSG00000157184"	0	1	0	0
"ENSG00000157353"	0	0	0	1
"ENSG00000158373"	0	0	0	1
"ENSG00000158406"	0	0	0	1
"ENSG00000158473"	0	1	0	1
"ENSG00000159479"	0	0	0	1
"ENSG00000159556"	0	1	0	0
"ENSG00000159588"	0	1	0	0
"ENSG00000159882"	0	1	0	0
"ENSG00000160201"	1	0	0	0
"ENSG00000160703"	0	1	0	0
"ENSG00000160856"	0	0	0	1
"ENSG00000161960"	1	0	0	0
"ENSG00000162300"	0	1	0	0
"ENSG00000162739"	0	1	1	1
"ENSG00000162927"	0	0	0	1
"ENSG00000162929"	1	1	0	0
"ENSG00000163154"	0	1	1	1
"ENSG00000163159"	0	1	0	1
"ENSG00000163435"	0	1	0	0
"ENSG00000163584"	0	0	0	1
"ENSG00000163606"	0	0	1	0
"ENSG00000163660"	1	0	0	0
"ENSG00000164008"	0	0	0	1
"ENSG00000164050"	0	0	1	0
"ENSG00000164051"	1	0	0	0
"ENSG00000164086"	0	1	0	0
"ENSG00000164125"	0	0	0	1
"ENSG00000164221"	0	1	0	1
"ENSG00000164251"	1	0	1	0
"ENSG00000164414"	0	0	0	1
"ENSG00000164576"	0	1	0	0
"ENSG00000164967"	0	1	0	0
"ENSG00000164975"	0	1	0	0
"ENSG00000164985"	0	1	0	0
"ENSG00000165512"	0	0	0	1
"ENSG00000165819"	0	1	0	0
"ENSG00000165879"	1	1	1	1
"ENSG00000166004"	1	1	0	0
"ENSG00000166140"	0	1	0	0
"ENSG00000166189"	0	1	1	0
"ENSG00000166263"	0	0	0	1
"ENSG00000166343"	1	1	1	0
"ENSG00000166507"	1	0	0	0
"ENSG00000166681"	0	0	0	1
"ENSG00000166689"	0	0	0	1
"ENSG00000166704"	0	1	0	1
"ENSG00000166855"	0	1	0	0
"ENSG00000166912"	1	0	0	0
"ENSG00000166928"	0	0	0	1
"ENSG00000167107"	0	1	0	0
"ENSG00000167186"	1	0	0	0
"ENSG00000167380"	0	1	0	0
"ENSG00000167384"	1	1	1	0
"ENSG00000167447"	1	1	0	1
"ENSG00000167487"	0	1	0	0
"ENSG00000167525"	0	0	1	0
"ENSG00000167536"	0	1	0	0
"ENSG00000167562"	0	1	0	0
"ENSG00000167778"	0	1	0	0
"ENSG00000167904"	0	1	0	0
"ENSG00000168229"	1	0	0	0
"ENSG00000168260"	0	1	0	0
"ENSG00000168286"	0	0	0	1
"ENSG00000168298"	1	1	0	1
"ENSG00000168329"	1	1	1	1
"ENSG00000168517"	0	0	1	0
"ENSG00000168813"	1	1	0	1
"ENSG00000168890"	0	1	0	0
"ENSG00000168916"	0	1	0	0
"ENSG00000169018"	0	1	0	0
"ENSG00000169131"	1	0	0	0
"ENSG00000169249"	1	0	0	0
"ENSG00000169299"	1	1	0	0
"ENSG00000169598"	0	1	0	0
"ENSG00000169612"	0	0	0	1
"ENSG00000169914"	0	1	0	0
"ENSG00000169925"	1	0	0	0
"ENSG00000169951"	1	0	0	0
"ENSG00000169955"	1	0	0	0
"ENSG00000169962"	0	1	0	0
"ENSG00000169972"	0	1	0	0
"ENSG00000170345"	1	1	1	1
"ENSG00000170448"	1	1	1	1
"ENSG00000170509"	0	0	1	0
"ENSG00000170604"	0	1	0	0
"ENSG00000170653"	0	1	0	0
"ENSG00000170915"	0	1	0	0
"ENSG00000170962"	0	0	1	0
"ENSG00000171101"	0	0	0	1
"ENSG00000171115"	0	1	0	1
"ENSG00000171262"	0	0	0	1
"ENSG00000171425"	0	0	1	0
"ENSG00000171681"	1	0	0	0
"ENSG00000171865"	0	1	0	0
"ENSG00000171916"	0	1	0	0
"ENSG00000172007"	0	0	1	0
"ENSG00000172086"	0	0	1	1
"ENSG00000172113"	0	1	0	1
"ENSG00000172349"	0	1	0	0
"ENSG00000172409"	0	0	0	1
"ENSG00000172728"	1	1	0	0
"ENSG00000173041"	0	0	1	0
"ENSG00000173295"	1	0	0	0
"ENSG00000173825"	1	0	0	0
"ENSG00000173914"	0	1	0	0
"ENSG00000173933"	0	0	1	0
"ENSG00000174007"	0	0	1	1
"ENSG00000174151"	0	1	0	0
"ENSG00000174175"	0	1	0	0
"ENSG00000174456"	0	0	0	1
"ENSG00000174611"	0	0	1	0
"ENSG00000174715"	1	0	0	0
"ENSG00000174796"	0	1	0	0
"ENSG00000174871"	1	0	0	0
"ENSG00000174885"	0	1	0	0
"ENSG00000175155"	0	1	0	0
"ENSG00000175216"	0	1	0	0
"ENSG00000175489"	0	1	0	0
"ENSG00000175595"	1	0	0	0
"ENSG00000176024"	0	0	0	1
"ENSG00000176102"	0	0	0	1
"ENSG00000176749"	0	1	0	0
"ENSG00000177058"	0	0	1	0
"ENSG00000177125"	0	1	1	1
"ENSG00000177352"	0	0	1	0
"ENSG00000178188"	0	1	0	0
"ENSG00000178229"	1	0	0	1
"ENSG00000178307"	0	1	0	0
"ENSG00000178449"	1	0	0	0
"ENSG00000178537"	0	1	0	0
"ENSG00000178966"	1	1	1	1
"ENSG00000178988"	0	1	1	1
"ENSG00000179152"	0	0	0	1
"ENSG00000179165"	1	0	0	0
"ENSG00000179639"	0	0	0	1
"ENSG00000179840"	0	0	1	0
"ENSG00000179922"	0	1	0	1
"ENSG00000179943"	0	0	1	0
"ENSG00000180089"	0	1	0	0
"ENSG00000180539"	0	1	0	0
"ENSG00000180712"	1	1	1	0
"ENSG00000181220"	1	1	0	0
"ENSG00000181274"	1	1	1	1
"ENSG00000181631"	0	1	1	1
"ENSG00000181894"	1	0	0	0
"ENSG00000181991"	0	0	0	1
"ENSG00000182185"	0	1	0	0
"ENSG00000182544"	0	1	0	1
"ENSG00000182903"	0	1	0	0
"ENSG00000183134"	0	1	0	0
"ENSG00000183307"	0	0	1	0
"ENSG00000183309"	1	0	0	0
"ENSG00000183397"	1	0	0	0
"ENSG00000183475"	0	1	0	1
"ENSG00000183723"	0	0	1	0
"ENSG00000183921"	1	0	0	0
"ENSG00000184163"	0	1	0	0
"ENSG00000184260"	1	1	1	1
"ENSG00000184270"	1	1	1	1
"ENSG00000184389"	0	1	0	0
"ENSG00000184557"	1	0	0	0
"ENSG00000184635"	0	0	1	0
"ENSG00000185031"	1	1	0	0
"ENSG00000185033"	1	1	0	0
"ENSG00000185085"	0	1	0	0
"ENSG00000185087"	1	0	0	0
"ENSG00000185220"	0	0	1	1
"ENSG00000185252"	0	0	0	1
"ENSG00000185298"	0	1	0	0
"ENSG00000185324"	0	1	0	0
"ENSG00000185513"	0	1	0	0
"ENSG00000185745"	0	0	1	1
"ENSG00000186106"	0	0	0	1
"ENSG00000186130"	0	0	1	1
"ENSG00000186222"	0	0	0	1
"ENSG00000186409"	1	1	1	0
"ENSG00000186496"	0	0	1	0
"ENSG00000186704"	0	0	0	1
"ENSG00000187210"	0	1	0	0
"ENSG00000187257"	0	1	0	0
"ENSG00000187553"	0	1	0	0
"ENSG00000187790"	0	0	0	1
"ENSG00000187796"	0	0	0	1
"ENSG00000187808"	0	0	1	0
"ENSG00000187904"	1	0	0	0
"ENSG00000188283"	1	1	0	0
"ENSG00000188305"	0	1	0	0
"ENSG00000188321"	0	0	0	1
"ENSG00000188396"	1	0	0	0
"ENSG00000188997"	0	1	0	0
"ENSG00000189051"	1	0	0	0
"ENSG00000189298"	0	0	1	0
"ENSG00000196214"	0	0	1	0
"ENSG00000196417"	1	0	0	0
"ENSG00000196421"	1	0	0	0
"ENSG00000196597"	0	1	0	0
"ENSG00000196642"	0	1	0	0
"ENSG00000196655"	0	1	0	0
"ENSG00000196659"	0	0	0	1
"ENSG00000196724"	1	0	0	0
"ENSG00000196778"	1	0	0	0
"ENSG00000196866"	1	0	1	0
"ENSG00000196873"	1	0	0	0
"ENSG00000197008"	0	1	0	0
"ENSG00000197016"	0	1	0	0
"ENSG00000197037"	0	1	0	0
"ENSG00000197056"	0	0	1	0
"ENSG00000197061"	0	1	0	1
"ENSG00000197182"	1	1	0	1
"ENSG00000197536"	0	1	0	0
"ENSG00000197566"	0	1	0	0
"ENSG00000197579"	0	1	1	0
"ENSG00000197712"	0	1	0	0
"ENSG00000197782"	0	1	0	0
"ENSG00000197837"	1	0	0	0
"ENSG00000197894"	0	0	0	1
"ENSG00000197951"	0	1	0	0
"ENSG00000198019"	1	0	0	0
"ENSG00000198121"	1	0	0	0
"ENSG00000198146"	0	1	1	0
"ENSG00000198324"	0	0	1	0
"ENSG00000198420"	0	0	1	0
"ENSG00000198642"	0	0	0	1
"ENSG00000198736"	0	1	0	0
"ENSG00000198746"	0	1	0	0
"ENSG00000198841"	0	0	0	1
"ENSG00000198863"	0	1	0	0
"ENSG00000198876"	0	1	0	0
"ENSG00000198917"	0	1	0	0
"ENSG00000198920"	1	0	0	0
"ENSG00000198933"	0	1	0	0
"ENSG00000199477"	1	0	0	0
"ENSG00000200183"	1	0	0	0
"ENSG00000200419"	1	0	0	0
"ENSG00000200522"	1	0	0	0
"ENSG00000200785"	0	0	1	0
"ENSG00000200840"	1	0	0	0
"ENSG00000201098"	0	0	1	0
"ENSG00000201544"	1	0	0	0
"ENSG00000202019"	1	0	0	0
"ENSG00000202392"	1	1	0	1
"ENSG00000203814"	1	0	0	0
"ENSG00000203872"	1	0	1	1
"ENSG00000203993"	0	1	0	0
"ENSG00000204209"	0	1	0	0
"ENSG00000204220"	1	0	0	0
"ENSG00000204231"	0	1	0	0
"ENSG00000204315"	0	1	0	0
"ENSG00000204348"	1	0	0	0
"ENSG00000204356"	1	0	0	0
"ENSG00000204392"	1	0	0	0
"ENSG00000204516"	0	1	0	1
"ENSG00000204568"	0	0	0	1
"ENSG00000204584"	0	1	0	0
"ENSG00000204611"	0	0	0	1
"ENSG00000204673"	1	0	0	0
"ENSG00000204713"	0	1	0	0
"ENSG00000204920"	0	1	0	0
"ENSG00000205041"	0	0	0	1
"ENSG00000205423"	1	1	1	1
"ENSG00000205482"	0	1	0	0
"ENSG00000205791"	1	0	0	0
"ENSG00000206344"	0	1	0	1
"ENSG00000206596"	1	0	0	0
"ENSG00000206651"	1	0	0	0
"ENSG00000206732"	1	0	0	1
"ENSG00000206848"	1	1	0	1
"ENSG00000206989"	1	0	0	0
"ENSG00000207117"	1	0	0	0
"ENSG00000207136"	1	0	0	0
"ENSG00000207142"	0	0	1	0
"ENSG00000207234"	1	1	0	1
"ENSG00000207368"	0	1	0	0
"ENSG00000207378"	1	0	0	0
"ENSG00000207741"	0	0	0	1
"ENSG00000207763"	1	1	0	1
"ENSG00000207997"	1	0	0	0
"ENSG00000208013"	1	0	0	0
"ENSG00000208022"	0	1	0	0
"ENSG00000212443"	1	0	0	0
"ENSG00000212445"	1	1	0	0
"ENSG00000213066"	1	1	1	0
"ENSG00000213073"	0	1	0	0
"ENSG00000213203"	0	0	0	1
"ENSG00000213326"	0	0	1	0
"ENSG00000213398"	1	0	0	0
"ENSG00000213613"	1	1	0	1
"ENSG00000213762"	0	1	0	0
"ENSG00000213799"	1	0	1	0
"ENSG00000214067"	1	0	0	0
"ENSG00000214189"	0	0	1	0
"ENSG00000214367"	0	1	0	0
"ENSG00000214439"	1	0	0	1
"ENSG00000214787"	0	1	0	0
"ENSG00000215271"	0	1	0	0
"ENSG00000215388"	0	1	0	0
"ENSG00000216316"	1	0	0	0
"ENSG00000219085"	0	1	0	1
"ENSG00000219150"	1	0	0	0
"ENSG00000220008"	0	1	0	0
"ENSG00000221263"	1	0	0	0
"ENSG00000221264"	0	1	1	0
"ENSG00000221555"	0	1	0	0
"ENSG00000221838"	0	0	0	1
"ENSG00000221869"	1	0	0	0
"ENSG00000221944"	0	1	0	0
"ENSG00000221994"	1	0	0	1
"ENSG00000221995"	1	1	0	0
"ENSG00000222112"	0	1	0	0
"ENSG00000222162"	0	1	0	0
"ENSG00000222937"	1	0	0	0
"ENSG00000223086"	1	0	0	0
"ENSG00000223336"	1	0	0	0
"ENSG00000223473"	1	0	0	0
"ENSG00000223501"	0	1	0	0
"ENSG00000223583"	1	0	0	0
"ENSG00000223660"	1	0	0	0
"ENSG00000223797"	0	1	0	0
"ENSG00000223825"	0	1	0	0
"ENSG00000224003"	0	0	0	1
"ENSG00000224067"	1	0	0	0
"ENSG00000224083"	1	1	0	0
"ENSG00000224152"	0	1	1	0
"ENSG00000224157"	1	0	0	0
"ENSG00000224745"	1	0	0	0
"ENSG00000224870"	0	0	0	1
"ENSG00000224977"	1	0	0	0
"ENSG00000225014"	1	1	0	0
"ENSG00000225111"	1	0	0	0
"ENSG00000225193"	0	1	0	0
"ENSG00000225224"	0	1	0	0
"ENSG00000225411"	0	0	1	1
"ENSG00000225726"	1	0	0	0
"ENSG00000225828"	0	1	0	0
"ENSG00000225973"	0	1	0	0
"ENSG00000225975"	0	1	0	0
"ENSG00000226029"	0	1	0	0
"ENSG00000226524"	1	0	0	0
"ENSG00000226758"	1	0	0	0
"ENSG00000226824"	1	0	0	0
"ENSG00000226862"	1	1	1	0
"ENSG00000226891"	1	1	0	0
"ENSG00000226904"	1	0	0	0
"ENSG00000226928"	1	0	0	0
"ENSG00000227268"	1	0	0	0
"ENSG00000227598"	1	0	0	0
"ENSG00000228166"	1	0	0	0
"ENSG00000228293"	1	0	0	0
"ENSG00000228323"	1	0	0	0
"ENSG00000228327"	1	0	0	0
"ENSG00000228403"	0	0	0	1
"ENSG00000228679"	0	1	0	0
"ENSG00000228716"	0	0	1	0
"ENSG00000229023"	1	1	0	0
"ENSG00000229677"	1	0	0	0
"ENSG00000229816"	1	0	0	0
"ENSG00000229833"	0	0	1	0
"ENSG00000229917"	1	1	0	0
"ENSG00000230074"	1	0	0	0
"ENSG00000230225"	1	0	1	1
"ENSG00000230534"	1	0	0	0
"ENSG00000230539"	1	1	1	0
"ENSG00000230869"	1	0	0	0
"ENSG00000231140"	0	1	0	0
"ENSG00000231154"	1	1	0	0
"ENSG00000231307"	0	1	0	0
"ENSG00000231508"	1	1	0	0
"ENSG00000231794"	1	0	0	0
"ENSG00000231826"	1	0	0	0
"ENSG00000232309"	1	0	0	0
"ENSG00000232536"	1	0	0	0
"ENSG00000232912"	0	1	0	0
"ENSG00000233175"	0	0	1	0
"ENSG00000233261"	1	1	0	0
"ENSG00000233730"	1	1	0	0
"ENSG00000233892"	1	0	0	0
"ENSG00000234383"	1	1	0	0
"ENSG00000234534"	1	1	0	0
"ENSG00000235321"	1	0	0	0
"ENSG00000235834"	1	0	0	0
"ENSG00000235917"	1	0	0	0
"ENSG00000236021"	1	0	0	0
"ENSG00000236254"	0	0	1	0
"ENSG00000236489"	1	1	0	0
"ENSG00000236525"	1	0	0	0
"ENSG00000236567"	1	0	0	0
"ENSG00000237217"	0	0	1	0
"ENSG00000237440"	0	1	0	0
"ENSG00000237576"	1	0	0	0
"ENSG00000237711"	1	0	0	0
"ENSG00000237772"	0	1	0	0
"ENSG00000237827"	0	1	0	0
"ENSG00000238113"	1	0	0	0
"ENSG00000239151"	1	0	0	0
"ENSG00000239183"	0	0	1	0
"ENSG00000239264"	1	0	0	0
"ENSG00000239415"	1	1	0	0
"ENSG00000239466"	1	0	1	0
"ENSG00000239823"	0	0	0	1
"ENSG00000239948"	1	0	0	0
"ENSG00000240047"	1	1	0	1
"ENSG00000240356"	1	0	0	0
"ENSG00000240375"	1	1	0	1
"ENSG00000240385"	1	0	0	0
"ENSG00000240435"	1	1	0	0
"ENSG00000240463"	0	1	0	0
"ENSG00000240527"	1	1	0	1
"ENSG00000240729"	1	1	0	0
"ENSG00000240767"	1	0	0	0
"ENSG00000240890"	1	0	0	0
"ENSG00000241527"	1	1	0	0
"ENSG00000241837"	0	0	1	0
"ENSG00000241990"	0	1	0	0
"ENSG00000242574"	0	0	0	1
"ENSG00000242852"	1	0	0	0
"ENSG00000242999"	1	1	0	0
"ENSG00000243175"	1	0	0	1
"ENSG00000243438"	1	0	0	0
"ENSG00000243566"	0	1	1	0
"ENSG00000244486"	0	1	0	0
"ENSG00000245149"	1	1	1	1
"ENSG00000245680"	0	1	0	0
"ENSG00000245848"	0	1	1	0
"ENSG00000245958"	1	1	0	0
"ENSG00000246082"	0	1	0	0
"ENSG00000246790"	0	0	0	1
"ENSG00000247982"	0	1	0	0
"ENSG00000248099"	0	1	0	0
"ENSG00000248283"	1	1	0	0
"ENSG00000248429"	0	0	1	0
"ENSG00000248455"	1	0	1	0
"ENSG00000248477"	0	1	0	0
"ENSG00000248697"	0	1	1	0
"ENSG00000249096"	1	1	0	0
"ENSG00000249863"	1	1	0	1
"ENSG00000250011"	0	1	0	0
"ENSG00000250170"	0	0	1	1
"ENSG00000250254"	1	0	1	0
"ENSG00000250312"	0	1	0	0
"ENSG00000250571"	0	0	0	1
"ENSG00000250950"	1	1	0	1
"ENSG00000251002"	0	0	0	1
"ENSG00000251139"	1	0	0	0
"ENSG00000251158"	0	0	1	0
"ENSG00000251301"	0	0	0	1
"ENSG00000251304"	0	0	0	1
"ENSG00000251441"	1	1	0	0
"ENSG00000251474"	0	1	0	0
"ENSG00000251634"	0	1	0	0
"ENSG00000251728"	1	0	0	0
"ENSG00000252062"	1	1	0	0
"ENSG00000252222"	1	1	0	0
"ENSG00000252242"	1	0	1	0
"ENSG00000252614"	1	0	0	1
"ENSG00000252620"	0	1	0	0
"ENSG00000252690"	0	0	0	1
"ENSG00000253008"	1	0	0	0
"ENSG00000253586"	0	0	0	1
"ENSG00000253797"	0	1	0	0
"ENSG00000254017"	1	0	0	0
"ENSG00000254288"	1	0	0	0
"ENSG00000254676"	1	0	0	0
"ENSG00000254791"	1	0	1	1
"ENSG00000254985"	1	1	0	0
"ENSG00000255163"	1	1	1	1
"ENSG00000255857"	0	0	1	0
"ENSG00000255946"	1	0	0	0
"ENSG00000256043"	0	0	0	1
"ENSG00000256053"	1	0	0	0
"ENSG00000256060"	1	0	0	0
"ENSG00000256092"	1	0	0	0
"ENSG00000256229"	1	1	0	1
"ENSG00000256294"	0	0	0	1
"ENSG00000256361"	1	0	0	0
"ENSG00000256591"	1	1	0	1
"ENSG00000257509"	1	0	0	0
"ENSG00000257698"	1	0	0	0
"ENSG00000258101"	1	1	1	0
"ENSG00000258111"	1	0	0	0
"ENSG00000258215"	1	1	0	1
"ENSG00000258230"	1	0	0	0
"ENSG00000258413"	1	0	0	0
"ENSG00000258499"	1	0	0	0
"ENSG00000258539"	1	1	0	0
"ENSG00000258553"	1	0	0	0
"ENSG00000258749"	1	1	0	0
"ENSG00000258819"	0	1	0	1
"ENSG00000258820"	1	0	0	0
"ENSG00000259182"	1	1	0	0
"ENSG00000259343"	1	0	0	0
"ENSG00000259377"	0	1	0	0
"ENSG00000259641"	0	1	0	0
"ENSG00000259652"	1	0	0	0
"ENSG00000259687"	1	0	0	0
"ENSG00000259719"	1	0	0	0
"ENSG00000259959"	1	1	1	1
"ENSG00000259962"	0	1	1	1
"ENSG00000260166"	1	0	1	0
"ENSG00000260286"	1	0	0	0
"ENSG00000260287"	0	1	0	0
"ENSG00000260425"	0	1	0	0
"ENSG00000260452"	1	0	0	1
"ENSG00000260475"	1	0	0	0
"ENSG00000260837"	1	0	0	0
"ENSG00000261056"	0	1	0	0
"ENSG00000261114"	1	0	0	0
"ENSG00000261202"	1	0	0	0
"ENSG00000261324"	1	0	1	0
"ENSG00000261416"	0	1	0	0
"ENSG00000261423"	1	0	0	0
"ENSG00000261449"	1	0	0	0
"ENSG00000261471"	0	0	1	0
"ENSG00000261845"	0	1	0	0
"ENSG00000261971"	0	0	1	0
"ENSG00000262380"	0	1	0	0
"ENSG00000262408"	1	0	0	0
"ENSG00000262514"	1	1	1	1
"ENSG00000263065"	1	0	0	0
"ENSG00000263276"	1	0	0	0
"ENSG00000263494"	1	0	0	0
"ENSG00000263916"	1	0	0	0
"ENSG00000264112"	0	1	0	0
"ENSG00000264188"	0	1	0	0
"ENSG00000264384"	1	1	0	0
"ENSG00000264522"	0	1	0	0
"ENSG00000264616"	1	0	0	0
"ENSG00000264739"	1	0	0	0
"ENSG00000264743"	0	1	0	0
"ENSG00000264764"	0	1	0	0
"ENSG00000264991"	1	0	0	0
"ENSG00000265113"	1	0	0	0
"ENSG00000265137"	0	0	0	1
"ENSG00000265496"	1	0	0	0
"ENSG00000265531"	1	0	0	0
"ENSG00000265584"	1	1	0	0
"ENSG00000265625"	0	1	0	0
"ENSG00000265828"	0	1	0	0
"ENSG00000265845"	1	0	0	0
"ENSG00000265972"	0	1	0	0
"ENSG00000266017"	1	0	0	0
"ENSG00000266173"	1	1	0	0
"ENSG00000266236"	1	1	0	1
"ENSG00000266239"	0	1	0	1
"ENSG00000266472"	0	0	0	1
"ENSG00000266604"	0	1	0	0
"ENSG00000266677"	1	0	0	0
"ENSG00000266680"	1	0	0	0
"ENSG00000266921"	1	0	0	0
"ENSG00000267035"	1	0	0	0
"ENSG00000267083"	1	0	0	0
"ENSG00000267194"	0	0	1	0
"ENSG00000267262"	1	0	0	0
"ENSG00000267275"	1	0	0	0
"ENSG00000267394"	1	0	0	0
"ENSG00000267549"	1	0	0	0
"ENSG00000267637"	1	1	0	1
"ENSG00000267680"	0	1	0	0
"ENSG00000267858"	1	0	0	0
"ENSG00000267895"	0	1	0	0
"ENSG00000268001"	0	0	0	1
"ENSG00000268154"	1	0	0	0
"ENSG00000268240"	1	0	0	0
"ENSG00000268279"	0	1	0	0
"ENSG00000268575"	0	0	0	1
"ENSG00000268635"	1	0	0	0
"ENSG00000268713"	1	0	0	0
"ENSG00000268849"	0	1	0	0
"ENSG00000269038"	1	0	0	0
"ENSG00000269051"	0	0	1	0
"ENSG00000269194"	1	0	0	0
"ENSG00000269444"	1	0	0	0
"ENSG00000269578"	1	0	1	0
"ENSG00000269688"	1	0	0	0
"ENSG00000269751"	0	1	0	0
"ENSG00000269925"	1	0	0	0
"ENSG00000270012"	0	1	0	0
"ENSG00000270030"	1	0	0	0
"ENSG00000270820"	1	0	0	0
"ENSG00000270948"	0	1	0	0
"ENSG00000271780"	1	0	0	0
"ENSG00000271975"	0	0	1	0
"ENSG00000272033"	1	0	0	0
"ENSG00000272256"	1	0	0	0
"ENSG00000272356"	1	0	0	0
"ENSG00000272368"	0	1	0	0
"ENSG00000272501"	0	1	0	0
"ENSG00000272506"	1	1	0	0
"ENSG00000272666"	1	0	0	0
"ENSG00000272667"	0	1	0	0
"ENSG00000272768"	1	0	0	0
"ENSG00000272831"	1	0	0	0
"ENSG00000273148"	0	0	0	1
"ENSG00000273245"	1	0	0	0
"ENSG00000273311"	1	1	1	1
"ENSG00000273320"	1	0	0	0
"ENSG00000273373"	0	1	0	0
"ENSG00000273513"	0	0	1	0
"ENSG00000273565"	1	0	0	0
"ENSG00000273724"	0	1	0	0
"ENSG00000273759"	0	1	0	0
"ENSG00000274008"	1	0	0	0
"ENSG00000274051"	1	0	0	0
"ENSG00000274054"	1	0	0	0
"ENSG00000274315"	0	1	0	0
"ENSG00000274419"	0	0	0	1
"ENSG00000274514"	1	0	0	0
"ENSG00000274695"	0	1	0	0
"ENSG00000274986"	1	0	0	0
"ENSG00000274987"	0	1	0	0
"ENSG00000275106"	1	0	0	0
"ENSG00000275111"	0	1	0	0
"ENSG00000275131"	0	1	0	0
"ENSG00000275210"	0	1	0	1
"ENSG00000275371"	0	1	0	0
"ENSG00000275373"	0	1	0	1
"ENSG00000275560"	1	0	1	0
"ENSG00000275582"	1	0	0	0
"ENSG00000275666"	1	0	0	0
"ENSG00000275676"	1	1	0	0
"ENSG00000276422"	0	0	1	0
"ENSG00000277073"	0	1	0	0
"ENSG00000277130"	1	0	0	0
"ENSG00000277224"	0	0	1	1
"ENSG00000277545"	1	0	0	0
"ENSG00000277595"	0	1	0	1
"ENSG00000277958"	1	0	0	0
"ENSG00000278376"	1	0	0	0
"ENSG00000278467"	1	1	0	0
"ENSG00000278705"	0	1	0	0
"ENSG00000278985"	0	1	0	0
"ENSG00000279058"	0	0	0	1
"ENSG00000279155"	0	1	0	0
"ENSG00000279162"	1	0	0	0
"ENSG00000279176"	1	0	0	0
"ENSG00000279198"	1	0	0	0
"ENSG00000279254"	0	1	0	0
"ENSG00000279259"	1	0	0	0
"ENSG00000279277"	0	1	0	0
"ENSG00000279415"	1	0	0	0
"ENSG00000279416"	1	0	0	0
"ENSG00000279491"	1	0	0	0
"ENSG00000279496"	1	1	0	0
"ENSG00000279519"	0	1	0	0
"ENSG00000279522"	0	1	0	0
"ENSG00000279573"	1	1	0	0
"ENSG00000279592"	0	1	0	0
"ENSG00000279616"	1	0	0	0
"ENSG00000279632"	1	0	0	1
"ENSG00000279644"	0	0	1	0
"ENSG00000279649"	1	0	0	0
"ENSG00000279693"	0	1	0	0
"ENSG00000279727"	1	1	0	0
"ENSG00000279738"	1	1	0	0
"ENSG00000279744"	1	1	0	1
"ENSG00000279861"	1	0	0	0
"ENSG00000279866"	1	1	0	1
"ENSG00000279880"	0	1	0	0
"ENSG00000279884"	0	1	0	0
"ENSG00000279977"	1	1	0	0
"ENSG00000280069"	0	1	0	0
"ENSG00000280077"	0	1	0	0
"ENSG00000280153"	0	1	0	0
"ENSG00000280166"	0	1	0	0
"ENSG00000280205"	1	1	0	0
"ENSG00000280248"	1	1	0	1
"ENSG00000280328"	1	0	0	0
"ENSG00000280376"	0	1	1	1
