ID	baseMean	log2FoldChange	lfcSE	stat	pvalue	padj
H041_1001	109.86644051034	-1.30851944568357	0.27616589879398	-4.73816445621234	2.15662763336614e-06	1.71300194908816e-05
H041_1006	2884.6350420446	-1.14104292705779	0.189819767565987	-6.0111912562591	1.84164977907857e-09	3.05333840356756e-08
H041_1009	10626.8527979582	-4.0664633056599	0.328075152821255	-12.3949140027542	2.78444282904346e-35	2.9083505349359e-32
H041_1023	235.462425709387	1.30540689335378	0.233785731389132	5.58377487623895	2.35353321113543e-08	2.99788468174507e-07
H041_1024	258.727167737117	1.3694732138124	0.291098920134207	4.70449431135309	2.54495962315981e-06	1.94607623664718e-05
H041_1025	501.232532527448	2.81457996164391	0.357054436422097	7.88277549453723	3.20188052008443e-15	1.59255438248961e-13
H041_1027	37.2198465217588	1.48348109651763	0.435855093944802	3.40361078057174	0.000665014403789226	0.00271779124241469
H041_1031	261.280414270496	1.00853830674378	0.234930540760391	4.29292123314185	1.76337576368195e-05	0.000106465085847734
H041_1032	259.263619476067	1.10780790355896	0.227139330383729	4.87721744044693	1.07592810805807e-06	9.2876604038566e-06
H041_1035	2886.45767366457	-1.16301963078203	0.222998778984794	-5.21536322340732	1.83457388580344e-07	1.91621242372169e-06
H041_1040	660.783196919759	1.62296621349543	0.28442286583597	5.70617347773796	1.15544238833044e-08	1.58797312448835e-07
H041_1042	5569.39018974583	1.3426539293906	0.234165152969744	5.73379049940911	9.82106292230368e-09	1.36774669631283e-07
H041_1044	154.756422479242	-1.27782693956272	0.355612537284541	-3.59331239927651	0.000326500745330656	0.00143591590946472
H041_1066	307.28749583205	-1.07820242477377	0.34644705138116	-3.11217088001	0.00185716965579738	0.00657563967959443
H041_107	390.675398869658	1.10719359524539	0.288800719880682	3.8337632804476	0.000126197592491295	0.000611663041100501
H041_1071	2559.06949529719	1.22494928018618	0.211630524741031	5.78815027598277	7.116573139752e-09	1.03239731173208e-07
H041_1077	273.008146707564	1.23153334053649	0.159643812355745	7.71425664649111	1.21689383266942e-14	5.64909159210317e-13
H041_1086	123.672788831247	-1.41138804152542	0.416555198814421	-3.38823773065957	0.000703432662405015	0.00284334351702436
H041_1089	700.738208064926	-1.77081351337415	0.292794003599305	-6.04798421964113	1.46669318254213e-09	2.5321669903558e-08
H041_109	367.299732972518	1.01169561538735	0.242571265083019	4.17071500633474	3.03645413552939e-05	0.000170514857234433
H041_1090	63.7140354568755	-1.21035849281867	0.338399915781941	-3.57671038428568	0.00034794530042373	0.00151428694288578
H041_1092	6915.70141670003	-3.80093922776375	0.985241030290528	-3.85787752530255	0.000114375932118996	0.000559558131607923
H041_1093	737.348886019862	-2.67835822653535	0.362095268940198	-7.39683297816766	1.39470792215969e-13	5.60297086421461e-12
H041_1095	14635.8766711929	1.08857734988139	0.19528747296709	5.57423030439251	2.48626644926465e-08	3.11006623503823e-07
H041_1099	781.847740058426	1.22034147320985	0.229680368839436	5.31321627257991	1.07707080428989e-07	1.17187547404249e-06
H041_1107	341.03095343462	-1.84708708618545	0.199567609282888	-9.25544527402342	2.1333932150884e-20	3.71388202193306e-18
H041_1108	21860.0873653335	2.29547174275387	0.282968017715101	8.11212433577919	4.97423628912403e-16	2.96890845942288e-14
H041_1110	287.360226738374	-1.38590633805748	0.303735108317184	-4.5628783110914	5.04570626616449e-06	3.46726328619001e-05
H041_1115	63.4136333535291	-1.41792687604955	0.336080604615029	-4.21900834674391	2.4537919013658e-05	0.000140053860162655
H041_1116	4330.00809500882	-1.29087958855184	0.195496089434032	-6.60309672837439	4.02656623961358e-11	1.02579230177473e-09
H041_1124	5243.67891906491	1.02957127122403	0.233124125677297	4.41640807545253	1.00354549091988e-05	6.52498582501199e-05
H041_1132	104.443356405102	1.21118130948484	0.3890277150381	3.11335481423533	0.00184973493412368	0.00656043510591575
H041_1136	1663.00560408153	-1.20656332326173	0.196902994971547	-6.12770427100959	8.91560985213845e-10	1.57836516789129e-08
H041_1140	698.283305724923	1.17701456072147	0.149893526327465	7.85233751956773	4.0835374362258e-15	1.98383946611063e-13
H041_1144	17.5445859658999	1.62716986074858	0.504294796940181	3.22662432890735	0.00125259799682808	0.00470625398448536
H041_1145	6760.59669418877	-1.18651329077003	0.214617908411141	-5.52849153900542	3.22996000673751e-08	3.99253636335779e-07
H041_1155	1324.21292924687	1.04965528442143	0.245949833668895	4.26776171694632	1.97444063591521e-05	0.000118183567003635
H041_1156	389.587491083449	1.40517848571145	0.213938224941172	6.56815062431148	5.09439962201028e-11	1.26692866790232e-09
H041_1164	2108.91702158924	1.74164426140806	0.201700726311788	8.6347941985882	5.88328595597575e-18	4.91607374481334e-16
H041_1165	1777.84380484054	1.01757877164099	0.207227651901928	4.91043913445764	9.08726596557044e-07	7.90970775086527e-06
H041_1166	178.76541803433	1.11964118448171	0.20320787840993	5.50983157367089	3.59177208908939e-08	4.3878432129285e-07
H041_1169	1142.12449932104	1.08840504134769	0.175212286080706	6.21192192450675	5.2340433433512e-10	9.93992413114605e-09
H041_1173	867.167614514562	1.11930726658038	0.202999380766142	5.51384571891792	3.51076384565103e-08	4.31410921974412e-07
H041_118	1161.44395099527	-1.1235920461148	0.142338668323696	-7.89379343889609	2.9313718796046e-15	1.4935697210961e-13
H041_1180	27181.2524361605	-1.04369186031927	0.203022630496232	-5.14076611936443	2.73620477481819e-07	2.73489558593072e-06
H041_1182	215.506977788382	-1.83786651943243	0.289764891484548	-6.34261283351657	2.25900642733873e-10	4.8129482219251e-09
H041_1190	654.029556875249	-1.08562496972524	0.254959929038827	-4.25802193237948	2.06243718787535e-05	0.000122398616064534
H041_1191	9967.46452211389	-1.19108590028368	0.281296420931663	-4.23427321378196	2.29292044865836e-05	0.00013305307825687
H041_1192	39.4811431559663	-2.52626539425547	0.490968892594037	-5.14546936142519	2.6685275451317e-07	2.68007405854814e-06
H041_1193	3419.36590610745	-1.43103498673293	0.204048364842025	-7.01321467506415	2.32903665790667e-12	7.97599603010991e-11
H041_1194	14412.304974685	-1.97924865341651	0.266053124653959	-7.43929865883294	1.01221246675795e-13	4.14610165305364e-12
H041_1203	2342.50301021167	-1.03405742997197	0.116394129844823	-8.88410292985206	6.44386084025848e-19	5.85270665013042e-17
H041_1208	45.5018438856448	1.12208882715112	0.329989364371148	3.40037876459884	0.000672925690163217	0.00274023736208764
H041_1215	2492.00777847862	1.69341734774289	0.274557455234539	6.16780683043662	6.9243660416987e-10	1.25154604189152e-08
H041_1242	3906.9337453296	-1.66440220776426	0.304191794618779	-5.47155523984508	4.46103245111747e-08	5.35580275309448e-07
H041_1249	2037.70442487389	1.27531715173767	0.190583779685439	6.6916353209208	2.20690288290961e-11	6.06607910841864e-10
H041_1272	227.628529583354	-1.7769473289007	0.288127344185743	-6.16722905603565	6.94970516320807e-10	1.25154604189152e-08
H041_1281	6387.72435908293	-1.11999068540696	0.448849739862797	-2.4952463729829	0.0125869701743719	0.0324219244072292
H041_1293	60.1962478901645	-1.1445130795879	0.32344735449394	-3.53848335343038	0.000402432654967194	0.00171567717597238
H041_1304	7831.28016977799	-1.13947827878806	0.291730466247329	-3.90592828183399	9.38643501579003e-05	0.00046909719492788
H041_1307	650.809219090393	1.4355848261922	0.152789455710589	9.39583703283462	5.67646625302312e-21	1.18581380025653e-18
H041_1310	5573.94327765777	-1.15346746950285	0.214902420631434	-5.36740100978708	7.98793233867258e-08	8.97139282553065e-07
H041_1311	395.381378706596	-1.05722842643216	0.167827969811818	-6.29947694426386	2.98651717988784e-10	6.02126861800684e-09
H041_1314	39.7982195260599	1.00564215434658	0.353510969949812	2.84472686799324	0.00444495196609047	0.0138383079838495
H041_1319	7.58147723227847	-2.04997677374434	0.883302825789932	-2.32080857650495	0.0202971774276993	0.049018270111519
H041_1327	1102.51655453736	-1.27584570200925	0.277877249825667	-4.59140034964963	4.40281849703284e-06	3.05564380076465e-05
H041_1328	4598.27949437619	-2.07692923384073	0.233628001952223	-8.88989854163743	6.11647331868472e-19	5.80786943760562e-17
H041_135	7832.78525095429	-1.2223878766589	0.305180311720557	-4.00546113137927	6.18966116901532e-05	0.000320848689381464
H041_1350	8035.99215012821	1.80236146751544	0.212858899821938	8.46740009002755	2.50930998745636e-17	1.69095114961172e-15
H041_1353	9844.80432098653	1.57648844104464	0.224191858348479	7.0318719540394	2.03780777799082e-12	7.21522109868276e-11
H041_1356	73.593358590211	-1.09907728953964	0.243630578412799	-4.51124524967224	6.44481527781434e-06	4.35702883992044e-05
H041_1367	10.2506011135524	-1.85723439267007	0.673099459330518	-2.75922728346466	0.00579382234334238	0.0172144180846559
H041_1372	47.4835325265715	-1.35814061113375	0.384201357827165	-3.53497087780912	0.000407820101824274	0.00173397894108453
H041_1378	457.647807879066	1.23909547995854	0.264921334915856	4.67722042980081	2.90789623454743e-06	2.16177766333437e-05
H041_1379	49.2296591898893	1.07428039859593	0.351657964514552	3.05490137292619	0.00225134544162293	0.00782306839885253
H041_1389	326.492903604893	-1.07897080781079	0.327911847438553	-3.29042947438175	0.00100034574411489	0.00386270288254345
H041_1397	3273.59088831912	1.099107196203	0.160716808241806	6.83878188116665	7.98693820680367e-12	2.41807448029172e-10
H041_1403	18343.5351120369	1.07797740093053	0.199356683544449	5.40727996556072	6.39890799449376e-08	7.3852590057997e-07
H041_1411	87.2183877873862	-1.17119188470443	0.311243206024428	-3.76294763077499	0.000167922375412685	0.000784764747734004
H041_1418	3414.19256806612	-1.0085077302015	0.197800812680191	-5.09860256151767	3.42170123167386e-07	3.34015601540499e-06
H041_142	740.20051456043	-1.53901600878344	0.259359838118732	-5.93390256543457	2.95817424677406e-09	4.58755773665153e-08
H041_1420	2238.76390637764	1.01563156711721	0.174545535805078	5.81871981103778	5.93000400502998e-09	8.72378758204762e-08
H041_1423	1324.63131262336	-1.14499655752916	0.253855741172247	-4.51042214858656	6.46987428073247e-06	4.35986044272585e-05
H041_1427	845.794536805209	-1.15046579706226	0.185806709423812	-6.19173441384257	5.95057571967146e-10	1.11988762868411e-08
H041_1428	19148.7820800673	-1.70745979379682	0.662370240322067	-2.57780269984139	0.00994307523106125	0.0265830797784036
H041_1431	598.082859265468	-1.11088920928289	0.192587101215721	-5.76824305610456	8.01022236306963e-09	1.13832343649337e-07
H041_1436	158.119849498663	-2.58493409623126	0.283410520064876	-9.12081208432042	7.45634853645146e-20	1.11259372090336e-17
H041_1437	247.672384411539	-2.15191929079484	0.271058444858637	-7.93894944655614	2.03900851900664e-15	1.06487219905122e-13
H041_1438	44.0629803034724	-1.99354954807621	0.48022913800199	-4.15124654112085	3.30669326134794e-05	0.000183227645171243
H041_1439	69.7122196870675	-1.04042377302915	0.290235493912216	-3.58475718805031	0.000337391948140719	0.00147759282948839
H041_1446	3199.46460564987	-1.49705339788488	0.161403857300864	-9.27520211053138	1.7728261226331e-20	3.36675797289141e-18
H041_1449	1721.04786061599	1.71925761703045	0.314281001450186	5.47044717656265	4.48901489927585e-08	5.35860121404986e-07
H041_1450	3135.26306104475	1.0792843982126	0.172779594771861	6.24659642035674	4.19493102014252e-10	8.11408416766456e-09
H041_1492	1315.06986017255	-1.31015842990853	0.194673125682511	-6.73004260508584	1.69613415326917e-11	4.78814087321526e-10
H041_1498	33975.0393655199	1.16707913720405	0.199213869160253	5.85842312146061	4.67282842700947e-09	7.07357868407448e-08
H041_1501	100.721165741578	1.25163752283253	0.43384917646883	2.88496000619342	0.00391463388859495	0.0124832793550396
H041_1502	1872.36902102897	1.24498457826124	0.235077064852703	5.29606994642942	1.1832153066294e-07	1.28069262981804e-06
H041_1518	959.509825822742	-1.413853590406	0.158682719716139	-8.90994049594804	5.10599602393625e-19	5.13427582208655e-17
H041_1527	1394.60643203627	1.17484233945213	0.185993275671621	6.31658502281754	2.67406359415587e-10	5.53081074078378e-09
H041_1544	288.108834634285	-1.52157004020722	0.238669423363686	-6.37521982817482	1.82700699226379e-10	4.0602314966373e-09
H041_1548	33.0672866323831	1.29466776370164	0.405575443582784	3.19217493116636	0.0014120578617377	0.00523012211554975
H041_1552	61.7919303794322	-1.48510303035128	0.395396519017334	-3.75598407907626	0.000172661670223588	0.000801533842437947
H041_1558	2297.51044140403	1.11939256022691	0.151902711102157	7.36914142022193	1.71730414597798e-13	6.76877049235471e-12
H041_1573	4.05112832460708	-2.88201814461087	1.08810218371309	-2.64866497627653	0.00808103966037272	0.0225384403878753
H041_1585	232.508201597578	-1.15007163147745	0.192232887026097	-5.98269967886042	2.1946920477719e-09	3.54047635875257e-08
H041_1601	45.0324406891815	1.05092247147374	0.339086515623039	3.09927532666044	0.0019399465016385	0.00685710362423491
H041_1605	5099.74488695761	1.15049678512695	0.173232612387639	6.64134061866194	3.10842758113505e-11	8.01667310739643e-10
H041_161	3756.7564564424	-1.1286272681613	0.14102297854422	-8.00314445072797	1.21281523867837e-15	6.52458179042441e-14
H041_1612	87.6856936034211	2.27751654001942	0.482369412683498	4.7215194001403	2.34089297810854e-06	1.83150765216058e-05
H041_1615	906.130327856053	1.1964251738858	0.246928816809328	4.84522296484194	1.26469569610443e-06	1.07834665680088e-05
H041_1619	842.610602095149	1.01184951093951	0.219058554807458	4.6190823810961	3.85440814366218e-06	2.72944359732552e-05
H041_1620	136.269893246407	1.05365034825069	0.325449768218749	3.23752065953995	0.00120573209146227	0.0045499099926894
H041_1627	16236.0842749871	1.96286956858172	0.382414022309446	5.13283889729699	2.85404190658433e-07	2.83909216326413e-06
H041_1632	402.624866356162	1.3319883650763	0.177962795064081	7.48464511695649	7.17407248356109e-14	2.99732748363182e-12
H041_1636	277.900773294583	1.81799719202123	0.294435593375978	6.17451569348734	6.63665893963076e-10	1.21613864253409e-08
H041_1643	1007.30049229609	-1.04666481795816	0.232199749910595	-4.50760527675488	6.55634019276094e-06	4.40392111340116e-05
H041_1658	18.7078047775345	1.05470926483954	0.444269221133574	2.37403181374664	0.0175950344031693	0.0433443713068639
H041_1678	65.192548417436	1.00487718488371	0.357371100268215	2.81185911264097	0.00492560728266049	0.0151095354089248
H041_1701	2044.5191546074	1.12262673284329	0.176636683381085	6.35556958698821	2.07655716977844e-10	4.47209064707954e-09
H041_1722	4550.58103658934	-1.16855971365223	0.425870590281716	-2.74393146725445	0.00607082103824573	0.0177584967619981
H041_1723	7921.56173329214	1.68966750646776	0.267760477603657	6.31036933303064	2.78370354254612e-10	5.70113401997925e-09
H041_1724	4247.9832139088	1.79020052855167	0.361017084208228	4.95876956204962	7.09410538130957e-07	6.27948565320156e-06
H041_1728	300.936471569729	-1.42438057898023	0.313429091940849	-4.54450660645452	5.50640804139791e-06	3.77143816343614e-05
H041_1730	576.987155423079	-1.17351332576484	0.182234913008475	-6.43956367301729	1.19817443611196e-10	2.81234426633471e-09
H041_1732	351.061814222326	-1.36064395637317	0.150734809356375	-9.02674015499807	1.76861738988124e-19	2.05257873747884e-17
H041_1743	499.299695025554	-3.4275023278044	0.748661626162632	-4.57817284608607	4.69055045475998e-06	3.24455625827603e-05
H041_1745	1790.61511934683	2.28174658229809	0.359832991609805	6.34112667682336	2.28090892278882e-10	4.8129482219251e-09
H041_1748	281.416215276828	1.18949862930682	0.271962181626149	4.37376484551796	1.2212192583525e-05	7.75418550364245e-05
H041_1755	4808.67589393072	1.12526407676161	0.206879244821787	5.4392313628704	5.35109280434436e-08	6.24493456328233e-07
H041_1762	9401.5264233328	-2.17871062889046	0.222965515446331	-9.77151387975459	1.49205658768391e-22	4.452723159531e-20
H041_1768	877.257291416954	-1.5538198946679	0.222381119637427	-6.9871934146265	2.80439514128052e-12	9.29901817481746e-11
H041_177	22509.7642767108	1.26894272867227	0.176473926559532	7.19053943781436	6.45358321669344e-13	2.36518163853905e-11
H041_1804	38.8701262461047	-1.38443057700169	0.453244163108768	-3.0544917942373	0.00225442181718967	0.00782306839885253
H041_1814	52.2934877782285	-1.09031638551079	0.335830800374607	-3.24662414613126	0.00116782502603528	0.00443561178070491
H041_1815	30.4324931774229	-2.14562803753515	0.719112536968231	-2.98371663297805	0.00284770367487998	0.00956407231000688
H041_1816	131.087582618186	-1.19126599571159	0.311242992407102	-3.82744680128711	0.000129479356632553	0.000626116611123618
H041_1822	5726.66013951154	1.42393604549333	0.172300497553183	8.26425962614424	1.40564391890108e-16	9.17621920807609e-15
H041_1833	151.127121318736	-1.0087538521819	0.229761296278679	-4.39044290104621	1.13120017308601e-05	7.2859183232111e-05
H041_185	444.502464725615	1.09477182614392	0.224727770521049	4.87154668782416	1.10727989588944e-06	9.51896173873675e-06
H041_1859	109.514148423032	-1.2857484899197	0.255100906211056	-5.04015649735066	4.65151316509243e-07	4.33795134012415e-06
H041_1863	60.8561822145954	-1.33356503117885	0.267023629864761	-4.99418359286875	5.90851714780631e-07	5.29737867887012e-06
H041_1883	298.511211637671	-1.186157093097	0.21089675495314	-5.62434966512669	1.86208134615427e-08	2.47763562555176e-07
H041_1904	3910.35594705424	1.52616360856592	0.168755953650514	9.04361342845735	1.51576576411981e-19	1.97902167577892e-17
H041_1907	1055.57022462941	-1.40902089577926	0.161377041411423	-8.731235146312	2.51906330463188e-18	2.19263468474e-16
H041_1911	28.2731873493621	-2.61995320790375	0.721899376996311	-3.62924985308187	0.000284246022888841	0.00126338285492508
H041_1931	36.173824829424	-2.46593060514812	0.647711021451154	-3.80714627894299	0.000140579601125972	0.000673556850348983
H041_1932	48.4617765225011	-2.01579528916583	0.448373341561439	-4.49579647653877	6.93100088019024e-06	4.64066052522994e-05
H041_1946	809.719163117026	-1.63342934944626	0.372079797567902	-4.38999741486413	1.13352008379302e-05	7.2859183232111e-05
H041_1948	2952.86273616964	1.02836190358991	0.216376849369484	4.75264293100915	2.00774741290445e-06	1.6069671822059e-05
H041_196	14196.3489819013	-3.53100869909626	0.279208165957087	-12.6465094134781	1.16956613963149e-36	2.44322366569018e-33
H041_1963	306.582206344883	-1.39677916383976	0.316724847831941	-4.41007130763832	1.03336585647662e-05	6.68328567857482e-05
H041_1971	50475.7121785788	2.26788621227518	0.693343176057572	3.27094329415721	0.00107189401307145	0.00409357695302789
H041_1972	69.4589502219626	1.581067289774	0.260806966192636	6.06221265043281	1.34261536800092e-09	2.35435430537217e-08
H041_1974	1673.80991870266	1.56581419332591	0.264643179265953	5.91669960158824	3.28465802403005e-09	5.0453313324991e-08
H041_1990	58195.4410931143	1.12806890547687	0.260482072953667	4.33069689858282	1.48638166425468e-05	9.2138020671455e-05
H041_1991	22.1841656013122	-1.8718568130545	0.541447774224425	-3.45713271374283	0.000545955904703149	0.00227645086811353
H041_1997	1372.75913208572	1.75413499311779	0.232752609762749	7.53647830160025	4.82833265900005e-14	2.12519953066693e-12
H041_2	304.752263597813	1.37373697133109	0.27262145188244	5.03899073915677	4.67993126430639e-07	4.34505618272713e-06
H041_2005	215.434546572293	2.2564655508182	0.349027492437832	6.46500805726676	1.01293411868543e-10	2.40456747037938e-09
H041_201	857.391258699493	1.05428232512306	0.284332358533179	3.70792241362158	0.000208966655343993	0.000955210816222321
H041_2011	9212.06164103609	1.15590997933008	0.241842251115356	4.77960312558754	1.75641562884212e-06	1.43326259712937e-05
H041_2012	817.277948867096	1.1221369750731	0.260945758409293	4.30026907474399	1.70590852381913e-05	0.000103896294643095
H041_2037	1365.52637152173	-1.31920800572997	0.347238046652578	-3.79914591286097	0.000145195594161937	0.000690919353540517
H041_2039	642.608437543713	-1.79510511629092	0.269181246733232	-6.66875994548734	2.57973806641935e-11	6.85598179401559e-10
H041_2046	323.884827297964	1.05763070575	0.252188158292023	4.19381589093214	2.74300640374232e-05	0.000154868658849127
H041_2058	3737.27576958208	-1.65183177284021	0.237944609360067	-6.94208529154192	3.86353818985543e-12	1.22286837554667e-10
H041_2062	1477.23220652293	-1.01561983203225	0.175681678203554	-5.78102305497959	7.4247713579795e-09	1.06967912874615e-07
H041_2089	93.7486687236916	1.05520279042468	0.382837613408716	2.75626728792229	0.00584651989804591	0.0172749364455699
H041_2090	196.776904977722	1.04493364718743	0.29348329171063	3.56045361593435	0.000370214704728549	0.00159788950036764
H041_2106	25.0617453239029	-2.0755536732443	0.559851480399985	-3.70732907906472	0.000209456691018007	0.000955360322132352
H041_2108	985.271942839841	-1.26509065399655	0.148354254491754	-8.52749830687778	1.49546515917323e-17	1.15704693241217e-15
H041_2110	154.225338083914	1.79829809278334	0.272799417270696	6.59201588762526	4.33894148445992e-11	1.09205406759479e-09
H041_2112	142.809476523412	1.45473736255115	0.257167828027554	5.65676264293559	1.5425485391769e-08	2.0924570768445e-07
H041_2127	292.164323293262	1.04368033257316	0.277228432738878	3.76469441558401	0.000166752885011813	0.000781046584730219
H041_2129	1249.26806685097	1.29348940321705	0.231908509513288	5.57758491023778	2.43880750724969e-08	3.06907764014735e-07
H041_2132	1012.24125406497	1.34038841584935	0.200709457933848	6.67825238355796	2.41808356651711e-11	6.56022931227823e-10
H041_2153	65.8421357939889	-1.15638160004053	0.284049360223127	-4.07105863266923	4.67999669599554e-05	0.000251971987060172
H041_2157	27.5095636795659	1.4996992002968	0.379215069373271	3.95474579313357	7.66160702691102e-05	0.000391322666973524
H041_2158	21.8141284269981	-1.32614763222429	0.415794694161461	-3.18942894376937	0.00142554179740891	0.00527072002617207
H041_2162	22.9456508027701	-1.75271445202006	0.391605375964066	-4.4757160131042	7.61556565952828e-06	5.06653396903012e-05
H041_2169	18.0666466439518	-2.2521609514165	0.661785204469745	-3.40316002262554	0.000666112549600919	0.00271779124241469
H041_2174	11.8045761620808	2.24710922897128	0.542511890357993	4.14204604343042	3.4422121558722e-05	0.000190232306709445
H041_2181	301.158397761551	-1.32210438489587	0.30756810855528	-4.29857435839532	1.71900231336334e-05	0.000104086835728
H041_2183	994.139294173415	-1.19213415750911	0.166620863241227	-7.15477122323621	8.38125804275094e-13	3.01869793988047e-11
H041_2189	0.399039586729954	-15.1505514574366	3.26778970445481	-4.63633000519667	3.54649604849826e-06	2.56353987727089e-05
H041_2193	33.536897051761	1.87319411940695	0.399226604351384	4.69205734034258	2.70471291855852e-06	2.02542644027517e-05
H041_2198	34.4522486069663	-1.31779715270139	0.521466757929603	-2.52709714025393	0.0115009686956637	0.0300319045065519
H041_2208	3213.69216280382	1.10505660927946	0.299721214465007	3.68694825707268	0.000226959482325944	0.0010218068072821
H041_2209	18654.8863895419	1.22347081979153	0.236594294415394	5.17117634985506	2.32624900644503e-07	2.37050447534813e-06
H041_2212	5919.17972804799	1.2866457923246	0.243579241942447	5.2822472968719	1.27608785401015e-07	1.3670500138601e-06
H041_227	7066.33386179916	1.79610171807344	0.301268659598878	5.96179410252911	2.49483388879682e-09	3.91857743886959e-08
H041_234	1816.24082103595	-1.12264886555415	0.136426264623125	-8.22897899209839	1.88815886406997e-16	1.19526177789157e-14
H041_235	375.323839002508	1.15533650168226	0.201412869164673	5.73616028843554	9.6847011431371e-09	1.35780809986667e-07
H041_236	17907.2122570818	-2.10094628657781	0.231788391974251	-9.06407033019669	1.25671324542213e-19	1.75018264645789e-17
H041_243	4776.13129982202	-1.38512697911978	0.162669520931972	-8.51497546180789	1.66625583169718e-17	1.24314586871979e-15
H041_247	1055.48874208111	1.17689210773181	0.177076706995995	6.64622765860689	3.00700045704923e-11	7.8520299434698e-10
H041_249	24929.1320790769	-1.65390057775402	0.378037346905956	-4.37496610133986	1.21451350355336e-05	7.73511801500906e-05
H041_252	222.883593299062	-1.21275902564173	0.351899048823888	-3.44632652374309	0.000568263282531062	0.00235069702417305
H041_259	1512.87286185813	1.05754394233002	0.145847709222834	7.25101510311858	4.13659548656935e-13	1.54309785204346e-11
H041_261	32.6263934435005	2.95949569897444	0.491246524620996	6.0244613460782	1.69673747390583e-09	2.83558766639143e-08
H041_264	10000.7518373369	1.30705230069051	0.136467849739892	9.57773060234891	9.92006336775926e-22	2.30255693058323e-19
H041_276	602.901163456445	1.09093457288436	0.189052599841365	5.77053462263821	7.90204269716293e-09	1.13064158865571e-07
H041_288	13921.8380306383	-1.27729889684473	0.271541110750347	-4.70388772188189	2.55253656697619e-06	1.94607623664718e-05
H041_289	149.643666514887	-1.08752627852353	0.320027936107855	-3.39822295437676	0.000678251205211945	0.00275655013168824
H041_3	110.311511155689	1.12786697558863	0.370555557326641	3.04371896005443	0.00233673323714987	0.00805517447591761
H041_300	254.653477209873	-1.13877997292749	0.272313663246783	-4.18186865598248	2.89122984597402e-05	0.000162797281623713
H041_304	24.2718934734927	-1.74374967342147	0.430661105792297	-4.04900663182355	5.14354874404758e-05	0.000272712520972472
H041_305	162.994884092192	-1.38241049661001	0.467948449395119	-2.95419398952374	0.00313486880595531	0.0103783533052942
H041_307	213.793288810487	-1.06258871766364	0.219813353492424	-4.83404989178813	1.33783033747016e-06	1.1314686538361e-05
H041_316	282.021766873339	1.02673995227965	0.27148710528876	3.78191056694049	0.000155629278826962	0.000735541998799827
H041_317	9040.86567225448	-1.30975821836069	0.293654797388839	-4.4601969046887	8.1884386839404e-06	5.41317987682009e-05
H041_33	2008.65010496225	-1.03665270413563	0.290451700961189	-3.56910529600978	0.000358202446042415	0.00154924411963272
H041_339	107.28007211976	1.06593794262655	0.289252685355111	3.68514450027634	0.000228572921895516	0.00102685770718222
H041_360	10445.546724315	1.28148438634749	0.242720457737903	5.2796719250228	1.29415397568966e-07	1.37933043633454e-06
H041_361	36.3071209417034	1.30303821692749	0.347622083042364	3.74843337202112	0.000177942594023657	0.000824217469878977
H041_363	1268.19462647024	1.13139735962521	0.176582050580073	6.4072047861522	1.48211688719141e-10	3.40235404103612e-09
H041_366	565.390904148623	-1.87572988921918	0.221392518226349	-8.47241769616378	2.40351490277657e-17	1.67364754396675e-15
H041_367	2239.88263446959	1.23338303507706	0.355845872595497	3.46605969062086	0.000528146012193238	0.00222438915216063
H041_368	1003.07131341995	1.32847393091399	0.264636061109638	5.02000341655483	5.16705605028349e-07	4.71352842316254e-06
H041_37	527.748617080083	-1.922498539767	0.278954287152419	-6.89180495984475	5.5088871677268e-12	1.69236254314431e-10
H041_370	6426.00029260892	2.9717420548341	0.37134658530565	8.00261042494331	1.21808851041911e-15	6.52458179042441e-14
H041_404	1494.00930423172	-1.14840817461775	0.217294657760297	-5.28502719051926	1.25686087644326e-07	1.35339297468556e-06
H041_406	626.505819375926	-1.07491370246736	0.21290678920345	-5.04875258552788	4.44704219890953e-07	4.20356160792851e-06
H041_411	2144.58894666388	-1.00087768679889	0.213122841292511	-4.69624785747477	2.64983975350009e-06	2.00562146560206e-05
H041_412	151.176267856701	-1.04946915867119	0.243275131186485	-4.31391878632552	1.60385885063766e-05	9.8542974675943e-05
H041_423	375.71219943227	1.49791183562453	0.185853458103058	8.05963930353088	7.65198971327113e-16	4.32027203000632e-14
H041_435	3941.44003962124	-1.14571258261236	0.223685793860259	-5.12197293730734	3.02355292951957e-07	2.99346069657174e-06
H041_439	589.362865820043	1.14200520068906	0.298925278079645	3.82037012067206	0.000133251560270422	0.0006428695367319
H041_458	367.493854358372	-1.2607784083402	0.383055726890166	-3.29137073233656	0.000997004261866475	0.00385692945007235
H041_465	16977.6745318031	1.04224154831402	0.220264867963882	4.73176479730267	2.22576224124119e-06	1.7612186825579e-05
H041_472	71.6661939042414	-1.68383120844112	0.269793407734397	-6.24118736844305	4.3426167724108e-10	8.32268480510657e-09
H041_485	3613.12339848839	-2.42125552164275	0.271784107869599	-8.90874577112675	5.16131126203052e-19	5.13427582208655e-17
H041_507	505.173569505831	1.0610681335302	0.211252918168447	5.02273834950832	5.09399203389166e-07	4.66725849070161e-06
H041_520	287.795450876007	1.39351838733697	0.198613854088169	7.01621945626389	2.27951921963601e-12	7.9365260830327e-11
H041_530	248.837639385404	1.29146727394991	0.298011255186175	4.33361912167745	1.46677854729425e-05	9.11934638481455e-05
H041_535	1392.53087108108	-1.41239861867495	0.201568040560718	-7.00705635053037	2.43384261698257e-12	8.20047939818804e-11
H041_539	203.861401700538	2.38528780503914	0.294011819128833	8.11289767910293	4.94266897749818e-16	2.96890845942288e-14
H041_541	591.354768030385	1.426540290504	0.158895072259172	8.97787621869846	2.76043395865677e-19	3.03502449454421e-17
H041_544	5242.77210145232	-3.6239596613999	0.727257136117864	-4.98305136027236	6.25893286325449e-07	5.56379180908027e-06
H041_549	638.728176745511	3.05130705749009	0.301090331467144	10.1341914322581	3.89583224969591e-24	1.62767871392295e-21
H041_550	29.2271581141009	1.11954264063486	0.338977973542485	3.30270025788133	0.000957586860209121	0.00371131530793479
H041_558	687.846117832461	1.17343923066102	0.24887105133846	4.71504911619939	2.41652449729242e-06	1.8766244144401e-05
H041_568	278.734312452258	1.41792227271679	0.1881780244171	7.53500456341248	4.8831774759221e-14	2.12519953066693e-12
H041_595	157.415076270478	-1.4220764193604	0.374728825103624	-3.79494803733648	0.00014767438154587	0.000699527852719553
H041_611	1745.22418079154	1.19142392947883	0.174382308760731	6.83225229638158	8.35916651959013e-12	2.49461412277483e-10
H041_615	10.2632474199461	-1.61676874193488	0.61098146463114	-2.64618296221302	0.0081405773163065	0.0225634262668805
H041_625	32.1596606861448	-2.17684303778161	0.687072742840191	-3.16828612467302	0.00153340526308475	0.00560995375583896
H041_628	46.2846345306373	-1.46954421840476	0.332385385712083	-4.4212058699768	9.81516030052064e-06	6.40745933368363e-05
H041_633	511.509847570211	-1.58930568983389	0.144793533513708	-10.9763582065178	4.96539708054165e-28	3.45757150041717e-25
H041_640	5.15176030078604	2.15763032151991	0.739336287017075	2.91833413212421	0.00351907040408599	0.0114864657408369
H041_641	36.7985211904518	-1.55575332357781	0.510406387847621	-3.04806789377853	0.00230317884529961	0.00796579570832927
H041_642	4234.43832823193	-1.21640264377492	0.235900825725518	-5.15641537088242	2.51722172528954e-07	2.54032665899992e-06
H041_661	52.3641309809367	-1.13400461273597	0.260120026595068	-4.35954365982473	1.30333949548076e-05	8.17620482300094e-05
H041_691	991.253813447611	1.77761949655399	0.236662051993872	7.51121475360155	5.85811997481438e-14	2.49747196477291e-12
H041_707	584.403319828953	1.22618855812068	0.234743163355939	5.22353256465844	1.75541576450384e-07	1.84274549349172e-06
H041_72	7233.42408747879	1.04182081482139	0.12885555707718	8.08518342904979	6.20707053651551e-16	3.60182509743914e-14
H041_721	66.3753949067779	1.36542282731676	0.359701035520746	3.79599359601511	0.000147053294141948	0.000698168935142114
H041_728	5540.75738555446	1.07203036517717	0.176872303063028	6.06104147801567	1.35242947173126e-09	2.35435430537217e-08
H041_73	21893.2223952047	1.14066773365867	0.181090005210743	6.29889944688676	2.99766364898378e-10	6.02126861800684e-09
H041_746	87.8817324294773	-2.37962555721429	0.371511138839566	-6.40526032314179	1.50113028664057e-10	3.40854474868712e-09
H041_750	1758.18547656307	1.57562697452467	0.182697333826161	8.6242472264204	6.45156113736074e-18	5.18358123690253e-16
H041_756	220.592242195608	-2.0947102251738	0.402923269122792	-5.19878196594159	2.00598655395739e-07	2.06428862621527e-06
H041_773	667.207773936219	2.21975522210494	0.241358799744905	9.19691026161479	3.68389888887768e-20	5.91974213758883e-18
H041_777	1798.8730057536	2.21288340065472	0.328653097210444	6.73318894432253	1.65984288714038e-11	4.74987916607707e-10
H041_778	580.802291671681	2.94919591278002	0.326428271172595	9.03474414818887	1.64386522453163e-19	2.02002026708623e-17
H041_779	5904.08567108848	1.40233761383775	0.406824386755139	3.44703429659883	0.000566776626733171	0.00234919915326507
H041_780	1551.16983021975	2.08392122172274	0.312524638487431	6.66802218157448	2.59273605422323e-11	6.85598179401559e-10
H041_783	667.967385448566	1.53298674663683	0.241140106237272	6.35724504959965	2.05404183773623e-10	4.4696806239906e-09
H041_789	161.142408723802	1.13588561976736	0.203062129573879	5.59378364715759	2.22173783119419e-08	2.84984413132844e-07
H041_790	123.04329118655	1.86388764233243	0.402241064722004	4.63375772839254	3.59087212255714e-06	2.58666616000754e-05
H041_796	924.051425697814	-1.06709367203103	0.190495294733056	-5.60167994451711	2.12284254942894e-08	2.75442117127768e-07
H041_804	4541.48300363821	-1.65640882294897	0.155898625783589	-10.6249097105469	2.28232917708187e-26	1.19194641273101e-23
H041_809	2343.12615885373	1.09962747281745	0.183186441585413	6.00277762535571	1.93970198443645e-09	3.19058066573839e-08
H041_811	23.8437681045722	2.64305022534255	0.484871899482359	5.45102784501273	5.00795275819888e-08	5.910515995411e-07
H041_82	137.067708080052	1.5825101798212	0.300515956067835	5.26597722306627	1.39445573936199e-07	1.47868936016609e-06
H041_847	6966.40173973838	-1.26225493792329	0.450313836793706	-2.80305607953491	0.00506208664384985	0.0154150131180792
H041_849	106.806917834555	2.79698693274411	0.749205576742364	3.73327030600299	0.000189009561474969	0.000867782360266397
H041_851	1805.45791728174	3.23832471749603	0.325605052587807	9.9455604013477	2.63685658830684e-23	9.18065568828833e-21
H041_854	5205.92373871066	-1.32787956690064	0.156298787784206	-8.49577649145932	1.96614022735594e-17	1.41629894308502e-15
H041_856	55.4673181734725	-2.02000394657636	0.46248627648262	-4.36770570132209	1.2555852327403e-05	7.90035406986291e-05
H041_866	39.6739461204215	1.41645390641778	0.372715066636745	3.80036664253844	0.000144482156594681	0.000689094121292896
H041_873	3584.417378366	1.14494738020914	0.210265768453536	5.44523908304241	5.1735848085253e-08	6.07169587921873e-07
H041_882	6915.5973011811	-1.05050879793179	0.249928869306581	-4.20323110670004	2.63131689019427e-05	0.000148965338309372
H041_884	4704.58201890211	-1.24578159186246	0.226612992013218	-5.49739704151561	3.85438215925611e-08	4.68128158760814e-07
H041_890	2817.61110847816	-1.55021153897347	0.332985944390885	-4.65548641042252	3.23216726436388e-06	2.38586481104457e-05
H041_900	639.192484394237	2.57710624771202	0.697093943276714	3.69692818674947	0.000218224040985252	0.000986731648524224
H041_902	4951.46766001322	1.90344437980556	0.31819186347955	5.98206490571654	2.20326436877853e-09	3.54047635875257e-08
H041_911	3109.45573719748	1.14119560697216	0.184436070188686	6.18748602594202	6.11312640986791e-10	1.1391048565216e-08
H041_950	146.120724445756	-1.31378149233089	0.311348481592625	-4.21964958881628	2.44682327807731e-05	0.000140038735011055
H041_959	320.580596871821	-1.91035771316177	0.297870784220323	-6.41337725739749	1.42330717509768e-10	3.3036540986434e-09
H041_963	22.454273535684	-1.74371970497731	0.418822872198153	-4.16338223322322	3.13567788965939e-05	0.000175145216884986
H041_966	435.41396250897	1.49882115694156	0.154669932380154	9.69044942269511	3.31068609630247e-22	8.64502906896984e-20
H041_969	107.468147803661	-1.48231958692624	0.392565032114013	-3.77598478128262	0.000159376722326431	0.000749860299414223
H041_973	1243.36107247064	1.32048028149883	0.243514373658568	5.42259687450843	5.87393618930428e-08	6.81702927747591e-07
H041_977	437.863469334689	-1.00589921116386	0.252689007587631	-3.98077945996531	6.868965674476e-05	0.000353430278176857
H041_978	1782.90850943886	1.35763457325671	0.254173638167402	5.34136656753742	9.22485042317542e-08	1.01961441978907e-06
H041_979	1991.42616779015	1.11624438566451	0.232084725555992	4.80964175040123	1.5120104037799e-06	1.25840228426144e-05
H041_980	1118.32562993316	2.05731935855897	0.296007327710144	6.95023117999814	3.64688094407732e-12	1.17205142956577e-10
H041_981	9247.99684323716	1.21427737976659	0.216581397755771	5.60656359386818	2.06383166176664e-08	2.69459021339407e-07
H041_986	565.706094571703	-1.02992312757039	0.251596753471913	-4.09354696894118	4.2482397152823e-05	0.00023050838351233
