ID	baseMean	log2FoldChange	lfcSE	stat	pvalue	padj
H041_1053	72.9449985194739	-1.05311286321149	0.316407003877181	-3.32834877327898	0.000873624207572815	0.0111242696364984
H041_1071	2559.06949529719	1.48241191512787	0.202999529837979	7.30253866258229	2.82388126212379e-13	4.81942402069126e-11
H041_1072	293.201292000692	2.12819014422771	0.262259694999278	8.11481971804156	4.86506527065966e-16	9.96365367431099e-14
H041_1133	275.540051917767	1.5026176989642	0.282545929662488	5.31813606644106	1.04835660214628e-07	5.80279546269077e-06
H041_1134	810.429659409441	1.11792433803486	0.263563670242687	4.24157220532514	2.21959457662236e-05	0.000590354505574364
H041_1136	1663.00560408153	1.04066278299298	0.190168610299674	5.47231628475943	4.44191146094212e-08	2.84282333500296e-06
H041_1180	27181.2524361605	1.42133787659282	0.194490222686346	7.30801711757515	2.71113261904535e-13	4.81942402069126e-11
H041_1182	215.506977788382	1.29735111628459	0.291409192485093	4.45199104812371	8.50777136981337e-06	0.00024891308236254
H041_1198	891.658082539366	1.27691395859696	0.282176196232459	4.52523627310161	6.03280689382578e-06	0.000193049820602425
H041_1199	1837.53345134867	1.39512175050975	0.242997957852661	5.74129002086375	9.39580137776611e-09	6.87235757916607e-07
H041_1250	455.839815391625	-1.14273743284749	0.343906502415119	-3.32281426731539	0.000891142276288853	0.0112351641223443
H041_1281	6387.72435908293	2.07037773977738	0.430082420012122	4.81390924957831	1.48006040102318e-06	6.44928447084143e-05
H041_1371	299.758867551683	-1.01296659452035	0.241443558383029	-4.19545918435052	2.72319324393771e-05	0.000697137470448055
H041_1372	47.4835325265715	-1.34223693582787	0.37510365756863	-3.57830937860768	0.000345823952732294	0.00536551102421013
H041_1392	11386.0960268212	-1.33269585505776	0.160875775352951	-8.28400579350072	1.19099811751496e-16	2.71018238296737e-14
H041_1396	2572.37923495912	2.23828520328892	0.214973065063933	10.4119332467221	2.18733887624581e-25	2.23983500927571e-22
H041_1412	317.539580020336	1.27145359797094	0.247655383171458	5.13396309698095	2.83703747272895e-07	1.45256318603722e-05
H041_1417	815.666123318386	1.27273669378053	0.138588828937233	9.1835446156844	4.17129596402772e-20	1.22040201918983e-17
H041_152	15159.1921835154	1.14441679458789	0.401611567555658	2.84956133498145	0.00437795636500155	0.0383820234407008
H041_1596	2838.9255769359	-1.32152528713923	0.421644902585915	-3.13421383499342	0.00172315234867646	0.0197151732407229
H041_1600	3860.24071610977	1.51901047693545	0.11688518768073	12.9957482815068	1.2933650545819e-38	2.64881163178372e-35
H041_1601	45.0324406891815	-1.27481955079556	0.311634717704237	-4.09074945239398	4.29981449737717e-05	0.00100981887323201
H041_1602	12982.7054311629	1.07063557434227	0.183819225742192	5.82439388491303	5.73202442495913e-09	4.34784667493196e-07
H041_1723	7921.56173329214	-1.01423469682508	0.256210386556197	-3.95860101714734	7.53900542546103e-05	0.00155958415266103
H041_1725	22091.1367349736	-1.00332113151417	0.211295981219075	-4.74841559089528	2.05016419616105e-06	8.36367311891909e-05
H041_1745	1790.61511934683	2.34030258951972	0.344917583144107	6.78510665703564	1.16000781303514e-11	1.48481000068498e-09
H041_1746	15399.9689666975	1.45353521011379	0.260307200281551	5.58392241375435	2.35153643533538e-08	1.60531553985562e-06
H041_1747	1025.9262071414	1.67717950638851	0.245036587522612	6.84460848620715	7.66853052718319e-12	1.04701003464474e-09
H041_1748	281.416215276828	1.7415901134197	0.263974734454518	6.5975636532737	4.17969258825854e-11	4.75556134486305e-09
H041_1749	278.259484344693	1.33415116387859	0.221415488346263	6.02555482384393	1.68530476717762e-09	1.38060166527191e-07
H041_1790	8231.28632770068	1.24275452204572	0.311037733666522	3.99551047198066	6.45550034051692e-05	0.00142159835455685
H041_185	444.502464725615	2.11454485322736	0.219230251364245	9.64531509711268	5.1452931556719e-22	2.10751207656321e-19
H041_1947	1673.34389497936	1.16787428813126	0.218244773009155	5.3512130990751	8.73665655865648e-08	5.11219218060813e-06
H041_1950	8423.34566277625	1.11439269354362	0.237623814047796	4.68973489887451	2.73559233145732e-06	0.000103749872126381
H041_1965	3656.04569898489	2.63406614312845	0.421754017510148	6.24550338294067	4.22437390333875e-10	4.1197703590656e-08
H041_1966	1336.0427331432	1.80856919468954	0.368079530946189	4.91352830742967	8.94518105147405e-07	4.07105128742641e-05
H041_2141	26.5615574028929	1.55069101165686	0.450308848463771	3.44361656882168	0.000573989096830656	0.00810710117454609
H041_2142	93.5940440341917	1.81946375675787	0.290727292506423	6.25831768690128	3.89152470764494e-10	3.98492130062842e-08
H041_2144	7.96796602597112	2.03426706715581	0.659478821265853	3.08465867524159	0.00203785873962539	0.021582540850657
H041_249	24929.1320790769	1.22626688942711	0.362020320787091	3.38728745049726	0.000705873883115337	0.00955615817285443
H041_25	405.217013571289	-1.0852358029465	0.288401403541945	-3.76293523408134	0.000167930702632213	0.00291459388975231
H041_266	1002.03718786401	1.08334581526778	0.197269807621684	5.49169600928176	3.98092177327952e-08	2.6299767069924e-06
H041_267	145.672898128923	1.15488115885113	0.319442498795239	3.61530216926899	0.000299997495833569	0.00469003718677213
H041_268	1071.39987330858	2.46797766272621	0.251931683893337	9.7962178658366	1.16880301701306e-22	5.98427144710688e-20
H041_3	110.311511155689	-1.05091298834189	0.350445833079359	-2.99878865474743	0.00271055259066467	0.0261849608758549
H041_317	9040.86567225448	1.72452050814955	0.281483764942623	6.12653631551741	8.98127149206948e-10	8.36074727989014e-08
H041_402	19.7021422339575	1.90814805065294	0.448271271777787	4.25668154705847	2.07483562717899e-05	0.00056656844859501
H041_487	631.418199661989	1.2459803279282	0.19816109069937	6.28771432136731	3.22174067516071e-10	3.47269731722586e-08
H041_488	392.523465210894	1.84754022427273	0.305915638622131	6.03937815207552	1.54709288398592e-09	1.32018592766799e-07
H041_489	1925.33818773911	2.78137588391432	0.273955704655409	10.1526481714	3.22491650725118e-24	2.20154300228347e-21
H041_501	4890.95797579524	1.90637298374956	0.229560601043578	8.30444324977035	1.00288587769642e-16	2.56738784690283e-14
H041_504	3077.25564150254	3.23236278134623	0.601962372611932	5.36970901905532	7.88637846230718e-08	4.7503832620015e-06
H041_508	292.474808289952	1.42015643335006	0.206317229837617	6.88336322888691	5.84557214172994e-12	8.55123696161637e-10
H041_509	225.011546233629	1.32645172243323	0.2764506550767	4.7981500426006	1.60137803092987e-06	6.74922372420327e-05
H041_585	1076.26745121141	1.19839658456395	0.289853235579276	4.13449441807656	3.557368992386e-05	0.000867320440048396
H041_598	930.567982071852	-1.01941544866585	0.33396670382266	-3.05244635766796	0.00226984296692277	0.023347423839548
H041_851	1805.45791728174	2.95493359697715	0.31216186726042	9.46602998921714	2.90681966713988e-21	9.92194446383747e-19
H041_992	906.367078225844	1.75648433068607	0.384560494695468	4.56751110661283	4.93549533848323e-06	0.000168464907553561
H041_997	1116.97128197665	1.18220128014626	0.209768844559817	5.63573338370153	1.74314891902806e-08	1.2310237883343e-06
H041_998	644.563856548923	1.2451352199446	0.271633442620453	4.58388042331149	4.56425318035128e-06	0.00016111893848823
