ID	baseMean	log2FoldChange	lfcSE	stat	pvalue	padj
Opaless3X_1006	212.462267968324	1.07905602147592	0.261467656110607	4.12691970214263	3.6765469662805e-05	0.00089015690077709
Opaless3X_1018	14896.5764783543	1.57838579973012	0.293574357618649	5.37644299908656	7.5971735416443e-08	5.21166104956799e-06
Opaless3X_1049	81.2414971622596	-1.15355940711223	0.337981740113185	-3.41308204024846	0.000642326023824308	0.00768550556413038
Opaless3X_1068	4640.79336648278	-1.04612153035483	0.333083514315785	-3.14071842463821	0.00168533981275071	0.0158375768705066
Opaless3X_1097	193.785333510051	2.69755993358394	0.45344101183236	5.94908679010545	2.69642642792678e-09	2.21969823546933e-07
Opaless3X_1099	34.2675095221823	1.71040428144463	0.448734357791755	3.81161872663734	0.00013805971552899	0.00240785503863273
Opaless3X_1100	27.5278258049158	1.10820087448055	0.372187203811046	2.97753620525645	0.00290575322910469	0.02382486113744
Opaless3X_115	916.312532358286	1.06275550268223	0.24553063436415	4.32840287092665	1.50194543733982e-05	0.000414755938773258
Opaless3X_1181	1575.62587916707	1.51382226189025	0.293477282438874	5.15822638573586	2.49300082627324e-07	1.60331115639697e-05
Opaless3X_1196	4793.68810869936	2.08137503551184	0.264697623586392	7.86321768707729	3.7438955297207e-15	8.56104111129467e-13
Opaless3X_1199	997.147976698222	2.8424110102803	0.640684806455846	4.43652008232256	9.1424809445033e-06	0.000289465012058274
Opaless3X_1200	500.751388774406	1.09003950986772	0.264090677706175	4.12751983271626	3.66696814232665e-05	0.00089015690077709
Opaless3X_121	464.289064252835	1.45847799018273	0.288989932237805	5.04681245775226	4.49241930829972e-07	2.43299972012653e-05
Opaless3X_122	109.879706666101	1.11449174466707	0.247641824910493	4.50041807384472	6.78199404555849e-06	0.000232622395762656
Opaless3X_1237	3734.02006704333	4.16975437130395	0.271448837504618	15.3611060177519	2.98439440572789e-53	6.141883686988e-50
Opaless3X_1246	178.629697430987	1.10646760426186	0.271981554782123	4.06817148004108	4.73835063893711e-05	0.00105994843640571
Opaless3X_1284	6675.04520383417	-1.22670383218702	0.356633317675093	-3.43967815509766	0.000582406325921078	0.0072204350526842
Opaless3X_1285	3030.97472618172	-1.07091546215975	0.380766923024583	-2.81252230013322	0.00491546149882666	0.0344082304917866
Opaless3X_1294	620.183221408333	-1.29669348151786	0.290481241143884	-4.46394912253754	8.04626782011423e-06	0.000262844748790398
Opaless3X_1353	2727.02873338001	3.75398445512138	0.280369925197964	13.3893977839127	6.97439441717194e-41	7.17665185526993e-38
Opaless3X_1354	17813.576377267	3.20158040988317	0.313507552065402	10.2121316975971	1.74977707251628e-24	7.20208243047701e-22
Opaless3X_1355	1473.93942976127	2.67192260623202	0.229344670735824	11.6502493720891	2.28788334492183e-31	1.56948797461637e-28
Opaless3X_1356	627.805528846081	2.43592247983114	0.269022494240933	9.05471673178959	1.36922711387622e-19	3.52233675044657e-17
Opaless3X_1357	478.7961062592	1.74521891826281	0.267797684794978	6.51693056868256	7.17606208696195e-11	7.77280830261457e-09
Opaless3X_136	5253.22787776316	2.35971679657437	0.333593615068	7.07362698201932	1.50935676623127e-12	2.21875444635996e-10
Opaless3X_1547	768.599636291581	-1.70625006400704	0.337714940706488	-5.05233810632607	4.36434241280013e-07	2.42751802311964e-05
Opaless3X_1551	5182.56619113067	1.01237063822992	0.340865174485857	2.97000313909135	0.00297796706005864	0.0242239375873545
Opaless3X_158	242.839788984569	-1.00529387633311	0.200770783746315	-5.00717214713549	5.52355231366562e-07	2.89786129541071e-05
Opaless3X_159	41.4276208562703	-1.46430638783097	0.376884471867862	-3.88529243609792	0.00010220678437272	0.00186080558583131
Opaless3X_1634	25.4538501205293	-1.86206849355901	0.366550740819365	-5.07997471072261	3.77485115973572e-07	2.15795657964892e-05
Opaless3X_1670	896.280901388056	-1.11736970955544	0.23482225673275	-4.75836373051774	1.95168580173076e-06	7.95878142441878e-05
Opaless3X_1685	30.1451771673752	-1.26616173813602	0.308960330068825	-4.0981369286276	4.16488888528425e-05	0.000964163814288698
Opaless3X_1699	28.8246394077294	1.39771799647811	0.344693057273881	4.05496416879533	5.01419883472734e-05	0.00109778948956052
Opaless3X_1717	97.3800141139785	1.20329926553694	0.324049778859619	3.71331611387464	0.000204561112891438	0.0033148564592959
Opaless3X_1765	1812.46049406118	1.04458213248405	0.276314977323689	3.78040359086424	0.000156574341343453	0.00264122946299037
Opaless3X_1835	8247.43779623321	1.78531615785227	0.347165485998684	5.14255082908512	2.71033080280263e-07	1.64482521978851e-05
Opaless3X_1836	10655.20457431	2.1830575294044	0.305007526817517	7.15738903948592	8.22280976011251e-13	1.30173403740858e-10
Opaless3X_1838	15548.6215947092	1.58229007943309	0.260096112541924	6.08348223266139	1.17599955158456e-09	1.05226394659175e-07
Opaless3X_1870	680.973647267343	-1.87485320743301	0.27183979622851	-6.89690484412002	5.31477556203486e-12	6.83613006666733e-10
Opaless3X_1878	6180.76415602772	1.63323693082911	0.212397942777443	7.68951388827934	1.47695103221969e-14	3.03956522430812e-12
Opaless3X_1951	6013.97504027622	1.01464368302865	0.276728724512494	3.66656437569363	0.000245831053063034	0.00378719125826538
Opaless3X_1952	4622.07757377637	1.42982360842751	0.268737710413743	5.32051719212082	1.03472669814353e-07	6.86925014444966e-06
Opaless3X_1953	2783.28720097058	1.48066983200236	0.261136233637823	5.67010487734896	1.427101324082e-08	1.04891947320027e-06
Opaless3X_1968	13834.8049659277	-1.06900215416508	0.238451752082841	-4.48309624411441	7.3567728493966e-06	0.000248200631541938
Opaless3X_1971	27541.4603885734	1.31110444777783	0.267774067654415	4.89630851584151	9.7653712370046e-07	4.56753045585352e-05
Opaless3X_1981	228.984049556191	-1.49823222642778	0.291367998386176	-5.14206170453228	2.71739832229395e-07	1.64482521978851e-05
Opaless3X_1982	322.828015486534	-1.33497613291385	0.198458858927959	-6.72671474644753	1.73536464686039e-11	1.98410024624371e-09
Opaless3X_2014	3014.65481999839	1.31732952206061	0.271498563435405	4.85206811185955	1.22180644193602e-06	5.30307212259009e-05
Opaless3X_2044	21399.4163822144	-1.30366349777306	0.23643061796259	-5.51393685389485	3.50894540884563e-08	2.49014125910493e-06
Opaless3X_2045	553.643130928016	1.24635858264703	0.318967668103985	3.90747623436464	9.32652118483028e-05	0.00172918744129556
Opaless3X_2058	3679.1329858247	1.26528832126455	0.460367760543071	2.74842947249816	0.00598815160913608	0.0398822524647315
Opaless3X_2066	59.7796102682151	1.03645994666539	0.278449832255251	3.72225021028306	0.000197455210494179	0.00322510177140492
Opaless3X_2128	1106.59625089432	-1.09205815761643	0.297542118571811	-3.67026410532487	0.00024229998901532	0.00377767710146612
Opaless3X_2144	627.725952942656	2.01756154077997	0.208907564639447	9.65767584463529	4.56093692062352e-22	1.56440136377387e-19
Opaless3X_2166	4113.14513162873	1.24367517635309	0.400955019495955	3.10178228449796	0.00192359374073151	0.0172871437485827
Opaless3X_221	502.582221659883	3.55381037100738	0.318744180956391	11.149412548785	7.20806620335544e-29	3.70855006162638e-26
Opaless3X_358	20908.0147249262	-1.19157424677755	0.160884281618251	-7.40640561521693	1.29768523723918e-13	2.4278511074893e-11
Opaless3X_428	2657.78794703494	-1.74374132408271	0.250376091253096	-6.96448816400776	3.2959984827172e-12	4.52210991828799e-10
Opaless3X_46	92.9441103692639	1.36174973857674	0.306008132746584	4.45004427285747	8.58525892637643e-06	0.000276069732351292
Opaless3X_48	587.195880957075	1.11088174398538	0.278545874359728	3.9881464643441	6.65915483389948e-05	0.00137045406481651
Opaless3X_51	259.532972689072	1.27452117297829	0.323482760445214	3.93999720796296	8.14825574410449e-05	0.0016124144539776
Opaless3X_526	4186.79534967656	-1.50369457362726	0.220492797452943	-6.8196992872213	9.12312753196007e-12	1.10443508592787e-09
Opaless3X_53	293.18336440106	1.12130907289945	0.340751663497821	3.29069287993841	0.000999409606575565	0.0103338960077108
Opaless3X_556	6209.07592289078	1.03256811339582	0.172567026963147	5.98357711532192	2.18289614408067e-09	1.87183344354917e-07
Opaless3X_562	562.977846035036	-1.40277691709599	0.247169065401858	-5.67537412020106	1.38385875382536e-08	1.04891947320027e-06
Opaless3X_575	370.664095442813	1.20529582712238	0.329447465930084	3.65853725333609	0.000253658873599499	0.00386688860642791
Opaless3X_576	3211.80041373752	2.77606131859913	0.383976860759534	7.22976200468923	4.83841196977659e-13	8.29787652816685e-11
Opaless3X_631	410.602720518065	-1.02079960333091	0.360885162168392	-2.82859953897078	0.00467521597427498	0.0332207037879111
Opaless3X_643	29.6359280574876	1.09882153868475	0.355903117793829	3.08741756884884	0.00201903759942872	0.0179877895221831
Opaless3X_651	45.4475156030546	1.38913172755983	0.3888913431088	3.57203047117248	0.000354224184310719	0.00485995580874307
Opaless3X_653	65.2573668032241	1.04275566278992	0.299967799259166	3.47622533273645	0.000508524825300356	0.00650027385383933
Opaless3X_658	11.65303497138	1.16348516804016	0.416812525198764	2.79138724894443	0.00524826392773758	0.0360030905442798
Opaless3X_682	133.095198076492	-1.08241190541351	0.326586136941019	-3.3143228783437	0.000918653606006351	0.00989837236209984
Opaless3X_683	102.00229039638	-1.28071662363418	0.357878036704815	-3.5786399060039	0.000345386961493491	0.00477842810622494
Opaless3X_699	38.1758164566034	-1.25858526475452	0.306664705005386	-4.10410863790934	4.05876716134823e-05	0.000964163814288698
Opaless3X_89	441.987590486362	1.41031497526897	0.325933245112869	4.32700559521195	1.51150123459642e-05	0.000414755938773258
Opaless3X_914	37540.9691841181	1.51525897944333	0.528117841941433	2.8691683164368	0.00411552726173648	0.0303575451779701
Opaless3X_958	52.2034722703784	-1.35257145472661	0.372015017181807	-3.6357979980835	0.00027712143073603	0.00416288981353832
Opaless3X_963	1486.28410116065	1.35864440519799	0.214297205334328	6.34000057573476	2.29764303697826e-10	2.3435207415837e-08
Opaless3X_965	1743.61521909869	2.49843771437523	0.259175930787837	9.63992955202491	5.42251767880526e-22	1.59422019756875e-19
