ID	baseMean	log2FoldChange	lfcSE	stat	pvalue	padj
Opaless3X_1006	212.462267968324	-1.51613008015397	0.25133993366704	-6.03218938603862	1.61753050121229e-09	5.1786651126114e-08
Opaless3X_1017	415.69544585042	1.21442814731976	0.271762301580495	4.46871453566949	7.86910638758413e-06	8.62608020856369e-05
Opaless3X_1064	949.785732945136	-1.47590095809468	0.284877688039068	-5.18082327982201	2.20908707717045e-07	3.89926679957898e-06
Opaless3X_1068	4640.79336648278	1.60316799601644	0.333269398745918	4.81042664597803	1.50608469274071e-06	2.12870667962822e-05
Opaless3X_108	7277.00392544994	-1.40700827820447	0.151134898234536	-9.30961872234848	1.28292052031272e-20	1.99050053036212e-18
Opaless3X_109	1379.57391204325	-1.31145048736945	0.275001709660135	-4.76888121528491	1.85251846046582e-06	2.50574274582647e-05
Opaless3X_1099	34.2675095221823	-1.20039384289264	0.376006378578636	-3.19248265795469	0.00141055414562064	0.00655550163990052
Opaless3X_1102	1602.29480630149	-1.10374946722713	0.189012176293987	-5.83956805782909	5.23363338773353e-09	1.42651872203494e-07
Opaless3X_112	3205.29685477156	1.00428472801025	0.154682620044046	6.49255053815533	8.43951934795699e-11	3.54635635933943e-09
Opaless3X_1139	936.612321614196	1.03493380073746	0.176212121800948	5.87322705248699	4.27392461825833e-09	1.20766968166775e-07
Opaless3X_1167	117.659026501506	-1.41993615310244	0.286282588591398	-4.95991097498797	7.05254927205713e-07	1.11132749076088e-05
Opaless3X_1170	946.971932782638	-1.01601642290408	0.242233570662452	-4.19436670204513	2.73635006174404e-05	0.000245298581090565
Opaless3X_1179	1240.32102138907	-1.07748888730581	0.20515768385425	-5.252003566541	1.50453548471216e-07	2.8853641014484e-06
Opaless3X_118	1067.82015394543	-1.20999282504467	0.152060382906038	-7.95731802012073	1.75808421364636e-15	1.77302792946236e-13
Opaless3X_119	382.447779404254	-1.1124801919372	0.246975733091217	-4.50441093144289	6.65573054531904e-06	7.37615852192775e-05
Opaless3X_1202	206.048501467545	1.06794441191048	0.205674149704486	5.19240951497747	2.07589768600824e-07	3.74622119845819e-06
Opaless3X_1225	19.7817976657992	-1.9276853792707	0.565475923014387	-3.40896101994012	0.000652107968367674	0.00358392853459836
Opaless3X_1227	39.9597749994312	-1.23684284399782	0.438398793698262	-2.82127337432662	0.00478334213309969	0.0180674177574196
Opaless3X_1232	39.261014678502	-1.20465236590102	0.316477520776044	-3.80643896270123	0.000140982065686829	0.000980554574104603
Opaless3X_1234	176.527164737961	1.12649332637205	0.203496566396069	5.53568714363237	3.10010514379013e-08	6.72356137099428e-07
Opaless3X_1237	3734.02006704333	4.69574236249608	0.271279088784412	17.3096362994194	3.97920475418182e-67	8.02605598918474e-64
Opaless3X_124	10513.7638832325	-1.05076067857119	0.268176691331898	-3.91816556969433	8.92254130228643e-05	0.000684287673259001
Opaless3X_1270	4678.08475415861	-1.26193240531259	0.129305503302702	-9.75930933394553	1.68297436116039e-22	3.77173254051168e-20
Opaless3X_1286	2604.97245115038	1.49691747877124	0.349619995122217	4.28155568804913	1.85591264355679e-05	0.000179108890050433
Opaless3X_1287	3881.90572398608	1.75736028885327	0.314454377804161	5.58860175878277	2.28905227747353e-08	5.07364664138913e-07
Opaless3X_1289	1563.55794233074	-1.14657551743017	0.251723810271651	-4.55489497077302	5.2411758818127e-06	5.97257161221256e-05
Opaless3X_1290	436.109634564761	-1.0495422513741	0.277492467436993	-3.78223690562847	0.000155425332088401	0.00106630236334117
Opaless3X_1297	4027.82645821474	1.03894573335589	0.240637371911155	4.31747456807948	1.57824586602086e-05	0.000158374224465875
Opaless3X_1337	197.315629523336	-1.15070659104446	0.378299238053447	-3.04178934370968	0.00235176416584397	0.0100285588213685
Opaless3X_1351	189.475735541161	-1.13405245863085	0.468496446796062	-2.42062125846711	0.0154940108260046	0.0481586089728895
Opaless3X_1353	2727.02873338001	3.85228075925141	0.279989626527163	13.7586553010302	4.51853174511317e-43	4.55693926494663e-40
Opaless3X_1354	17813.576377267	1.85905631989569	0.313412534963516	5.93165911539595	2.99888744345062e-09	8.76631300498537e-08
Opaless3X_1355	1473.93942976127	2.07450114822305	0.228478446560004	9.07963608584071	1.0893847267481e-19	1.46485932923395e-17
Opaless3X_1356	627.805528846081	1.92918646550418	0.267427569619875	7.21386530284199	5.43855550346442e-13	3.22634307367287e-11
Opaless3X_1357	478.7961062592	1.43956460608779	0.266382736003529	5.40412125682468	6.51268778192446e-08	1.32687790466077e-06
Opaless3X_1370	9226.35244571054	-1.13205720418414	0.209348546841894	-5.40752358333348	6.39021308534581e-08	1.31521018297373e-06
Opaless3X_1376	936.786495980622	-1.01412517433247	0.23377449655493	-4.33804880034972	1.43753240601034e-05	0.000146439538531457
Opaless3X_1381	6548.046121581	-1.01187911216217	0.178346481912461	-5.67367015772611	1.39770132649553e-08	3.43800436041645e-07
Opaless3X_143	526.988778776568	-1.07449566694933	0.259156192893957	-4.14613154696636	3.38139606693903e-05	0.000289228969826618
Opaless3X_1460	63601.471308806	1.23417691286964	0.190792048383086	6.46870204145811	9.88482870294886e-11	4.06891826405058e-09
Opaless3X_1461	57600.5750733288	1.23423688706065	0.187762976562475	6.57337729544345	4.91866100721358e-11	2.15672592424996e-09
Opaless3X_1462	56.4799993091492	-1.2958089301202	0.465913477121739	-2.78122225209127	0.00541546483067719	0.020042188189864
Opaless3X_1470	27.0175263720612	-1.54602477620036	0.479895966408447	-3.22158318556175	0.00127484448733743	0.00607886839470354
Opaless3X_1474	42423.2182060258	1.06379013220504	0.212655318407707	5.00241489453612	5.66165785682716e-07	9.13565111777631e-06
Opaless3X_1481	16091.6871417676	1.03044459591063	0.171716388663849	6.00085177616809	1.96285111104248e-09	5.99859195601922e-08
Opaless3X_1484	4427.04817867821	1.15382920534331	0.358389582047385	3.21948310760538	0.00128421926860888	0.00609475356419791
Opaless3X_1491	14772.9233609986	1.17312397918068	0.298771174149275	3.92649653207359	8.61921344573505e-05	0.0006660901731819
Opaless3X_150	760.664982341852	-1.05534399305126	0.2262873957744	-4.66373299069383	3.10524240984341e-06	3.81906947600863e-05
Opaless3X_1547	768.599636291581	1.60226623518653	0.339555124256925	4.71872200042009	2.37330880362636e-06	3.02972396007238e-05
Opaless3X_1551	5182.56619113067	-3.56501683694583	0.33957050350756	-10.4986057390773	8.76653642393946e-26	2.21026299588574e-23
Opaless3X_1557	353.651017399683	1.46686197991959	0.441510845208916	3.32236907844357	0.000892565464595508	0.00465194972116057
Opaless3X_1570	380.398898465345	-1.04270259322275	0.268704731786357	-3.88047722974891	0.000104251705280161	0.000773072388051782
Opaless3X_1575	22.0517609671614	1.12217940742697	0.446255731765441	2.51465544876589	0.0119148763397743	0.0390134830800728
Opaless3X_159	41.4276208562703	-1.72600261287462	0.370354313541166	-4.66040909952239	3.15581509805368e-06	3.85774488046925e-05
Opaless3X_1603	4215.67357715416	-1.42704932840979	0.210476929800329	-6.78007480327454	1.20113675667511e-11	5.63416939119462e-10
Opaless3X_1641	8040.69545059284	1.2887030734524	0.29637739788812	4.34818269758505	1.37270235105229e-05	0.000140545210257486
Opaless3X_1642	2623.73966273305	1.84951120626771	0.321744284484039	5.74838869083145	9.0097928338123e-09	2.32984001869223e-07
Opaless3X_1669	2691.48327655989	-1.8258188810543	0.325931680405518	-5.60184538913999	2.12081688412233e-08	4.80639062390421e-07
Opaless3X_1700	4171.97873562053	1.17463146722107	0.283720373865035	4.14010263422196	3.47150467221505e-05	0.000294202727893183
Opaless3X_1702	958.821040399433	-1.47397829668024	0.263113609242139	-5.60206026942439	2.11818874121909e-08	4.80639062390421e-07
Opaless3X_173	5674.15224164401	1.25229299156134	0.215621890199225	5.80781937494508	6.32917422886248e-09	1.70212592261542e-07
Opaless3X_1747	701.079017520944	-1.00464262150071	0.179904965674555	-5.58429622958873	2.34648456223975e-08	5.14441235004085e-07
Opaless3X_1748	10650.9225764303	-2.36960164762696	0.35402896773855	-6.6932422585739	2.18279325658387e-11	1.00061227239311e-09
Opaless3X_1756	172.79645916263	-1.8802111536245	0.273808702516024	-6.8668787235295	6.56218103288413e-12	3.39160200447513e-10
Opaless3X_1757	282.042721001966	-1.48160587127747	0.215023397528482	-6.89044024188676	5.56199879129325e-12	3.0320409627131e-10
Opaless3X_1758	52.3301429015659	-1.30290027455012	0.395644151014361	-3.29311142654254	0.000990851977167877	0.00499637109486902
Opaless3X_1766	3545.28590182777	-1.3969713612266	0.27288088260808	-5.11934492396439	3.06598760271298e-07	5.33111809885524e-06
Opaless3X_1769	1359.89300224095	1.31948231840651	0.305409774868042	4.32036701830065	1.55769905335548e-05	0.0001570939495309
Opaless3X_1822	502.018492092775	1.21164384794465	0.206665304068314	5.86283146756039	4.55040020339021e-09	1.25728180962165e-07
Opaless3X_1848	84.2106130563693	1.29554076725198	0.517546626429698	2.50323487989727	0.0123063842806513	0.0401001245461612
Opaless3X_1862	418.05037727662	-1.01522770288241	0.163525365598232	-6.20838057244731	5.35333823808924e-10	1.89433039056596e-08
Opaless3X_1872	3127.39664765497	1.20241957062464	0.200816086171131	5.98766559766515	2.12874164445956e-09	6.40846551772377e-08
Opaless3X_1882	36833.2079815669	-2.05678536870636	0.275426137393612	-7.46764772642838	8.16410503659748e-14	5.88107137814897e-12
Opaless3X_1904	4104.2684523349	-1.5399131046995	0.206689510720962	-7.45036891000453	9.30795869668662e-14	6.47384575559204e-12
Opaless3X_1916	437.494916848335	1.25906211970418	0.207345290859908	6.0722966722927	1.26093702999578e-09	4.16936063852704e-08
Opaless3X_1923	559.068581716486	-1.92034791995949	0.171163356853882	-11.2193868784593	3.27533332619095e-29	1.32126946378543e-26
Opaless3X_1924	341.90040060067	-1.1904416088763	0.159288087782785	-7.47351308843423	7.80816691312968e-14	5.87788681959433e-12
Opaless3X_1925	1045.38258983483	-1.97161137575407	0.179884296034417	-10.9604419019259	5.9209540547089e-28	1.99042738805797e-25
Opaless3X_1926	103.664032133194	-1.16640289118763	0.242494696776567	-4.81001401965647	1.50919710057925e-06	2.12870667962822e-05
Opaless3X_1927	75.9460589554127	-1.14813936156052	0.247188931339085	-4.64478468085426	3.40431321934346e-06	4.06301761148861e-05
Opaless3X_1942	1563.80737312779	1.07629953255695	0.191090717548007	5.63240091600241	1.77717952762293e-08	4.26734655620886e-07
Opaless3X_1957	16250.4081953963	-1.62190697076007	0.166713492291921	-9.72870850740777	2.27462446777968e-22	4.17083413773784e-20
Opaless3X_1958	4237.10510033562	-1.26755705916578	0.242352040322584	-5.23023060783226	1.69298717343211e-07	3.19135993346968e-06
Opaless3X_1959	85.173784406196	-1.99750116799919	0.656948219011971	-3.04057627403781	0.0023612587548647	0.0100317176253419
Opaless3X_1960	10908.6602339998	-1.15774005387436	0.152920908777504	-7.57084209824339	3.70812556563889e-14	2.99171570635746e-12
Opaless3X_1964	116.346454940003	-1.13506079897333	0.296416951829141	-3.8292708698644	0.000128523483784828	0.000910899338725202
Opaless3X_1969	309.559765927921	-2.37445722700378	0.367908785743814	-6.45392912322888	1.08986797791227e-10	4.39652742289811e-09
Opaless3X_1986	1944.95654255219	1.3327981014357	0.160402701919685	8.30907513081069	9.64508434939867e-17	1.21588344579607e-14
Opaless3X_199	5191.11716557403	-1.30046976704792	0.180248437110049	-7.2148740255314	5.39839286944851e-13	3.22634307367287e-11
Opaless3X_2	19.8290450392528	1.21157100105718	0.347406122957031	3.48747739603609	0.000487600138277866	0.0027860891753724
Opaless3X_2005	5390.31780347113	-1.33975630428589	0.219691622138261	-6.09834954672381	1.07169199011317e-09	3.60267124009712e-08
Opaless3X_2014	3014.65481999839	-1.47010091287851	0.270621505621246	-5.43231370139526	5.56280178037384e-08	1.18107065168569e-06
Opaless3X_2018	158.337064082488	1.01144928151005	0.24134784648862	4.19083615713035	2.77928309666644e-05	0.000245869035349833
Opaless3X_2035	1893.28654599603	-1.03638861254336	0.252234002539579	-4.10883783355392	3.9765517466636e-05	0.000330070159383559
Opaless3X_2037	17.2736527154149	-2.00018557725886	0.624071866010374	-3.20505647858448	0.00135035980782466	0.00634889448107772
Opaless3X_204	714.801365215464	-1.44564015433637	0.2863829565263	-5.047926635968	4.46630579320655e-07	7.26495063298194e-06
Opaless3X_2044	21399.4163822144	1.38858775263695	0.23648429653364	5.87179687188839	4.31096762915607e-09	1.20766968166775e-07
Opaless3X_2045	553.643130928016	-1.46540490597068	0.315015841813248	-4.65184511844145	3.28978132534751e-06	3.94969579358686e-05
Opaless3X_2048	2053.84846280894	1.0848615287331	0.30375112583821	3.57154735061277	0.00035487837066564	0.00212400496626883
Opaless3X_2057	482.74377404285	-2.17307701523054	0.268169377418094	-8.10337494964079	5.34551685466412e-16	5.67468815571449e-14
Opaless3X_2058	3679.1329858247	-4.22602981832585	0.457910574396213	-9.22894131435634	2.73319890218691e-20	3.93775870407929e-18
Opaless3X_207	73.1439223783064	-1.36252723591078	0.318352676633315	-4.27993020294335	1.86951934241798e-05	0.000179562881602718
Opaless3X_2086	3711.45334355729	-1.14694040887519	0.230434564002627	-4.97729328861494	6.44795830651772e-07	1.02405763025561e-05
Opaless3X_2094	975.277945859047	-1.05017599281596	0.201240567410299	-5.21851039445149	1.80367858015482e-07	3.33763274878191e-06
Opaless3X_2096	1226.99448910258	-1.99604907838653	0.258795153675753	-7.71285339016585	1.23035399953043e-14	1.12801091684222e-12
Opaless3X_2103	234.845023831625	-1.27937527214212	0.191601226077773	-6.6772812383925	2.4341556250847e-11	1.09104264351019e-09
Opaless3X_2133	10140.8154886311	-2.65119157153998	0.235579471446286	-11.253915951435	2.21533235433534e-29	1.1170813396736e-26
Opaless3X_2143	17.0571010419831	1.22022475780579	0.390790242432647	3.12245451731332	0.00179349815092885	0.00798561980225938
Opaless3X_2160	907.516046650583	-1.57973484186668	0.295636486709816	-5.34350431317795	9.11666590691568e-08	1.78527331400475e-06
Opaless3X_2177	996.931483142701	-1.15023376237247	0.227763817783838	-5.05011627204156	4.41541226728854e-07	7.24055816513902e-06
Opaless3X_252	847.775936005581	1.11496434664348	0.265741543605464	4.19567197328703	2.72063762518499e-05	0.000244978843303488
Opaless3X_266	1041.8896638186	2.49649526282739	0.407702313653275	6.1233286621731	9.16403917596562e-10	3.13285881659706e-08
Opaless3X_267	552.232047998509	1.84830743750588	0.430465696495049	4.29373920513348	1.75688834165139e-05	0.000171190521019848
Opaless3X_277	983.492204446183	-1.03116316203501	0.269504559348056	-3.82614366350404	0.000130166342919275	0.000917991306532093
Opaless3X_283	10441.1978421926	-3.00398499814661	0.254451910835125	-11.805708152426	3.64707485925409e-32	2.4520499970385e-29
Opaless3X_291	121.71144426486	-1.34082989342587	0.250439650834724	-5.35390417993651	8.60764543119936e-08	1.70211968967932e-06
Opaless3X_292	290.542563071877	-1.15698830838407	0.312332202354841	-3.7043516475756	0.000211932094097033	0.00138787997984973
Opaless3X_313	1915.79900333961	1.2133069957438	0.231081333254753	5.25056255585217	1.5163539650646e-07	2.8853641014484e-06
Opaless3X_320	1562.6016085858	1.0519696344669	0.220629921474852	4.7680279602819	1.86037969342468e-06	2.50574274582647e-05
Opaless3X_330	28.3033362622832	-1.32701279176472	0.370559814184558	-3.58110280977147	0.000342146977173504	0.00206003120286256
Opaless3X_334	298.195022962072	-1.39254795907681	0.244594952057664	-5.69328167798209	1.24620538031182e-08	3.14199531511118e-07
Opaless3X_342	849.445533616448	-1.42242229996807	0.146849471360928	-9.68626094997667	3.44925554382946e-22	5.79762369325335e-20
Opaless3X_343	188.778877254541	-1.59463017692949	0.293976290712384	-5.42434960678384	5.81659392762448e-08	1.20949174763078e-06
Opaless3X_350	2721.8682365415	-1.09508079723687	0.168186641526418	-6.51110449259352	7.46002248681211e-11	3.20146071402128e-09
Opaless3X_365	7569.06798574261	1.13406146477458	0.367415120714658	3.08659442912615	0.00202463628487209	0.0088775899708413
Opaless3X_37	100.782078261633	-1.09358421597998	0.228894682524933	-4.77767418585995	1.77334414213884e-06	2.44988707855756e-05
Opaless3X_377	277.600405448127	-1.3478950814548	0.165997570692094	-8.11996871903016	4.66303852713233e-16	5.22519372734773e-14
Opaless3X_392	451.71975763	-1.16297277802807	0.261749321755675	-4.44307847763453	8.86808012761402e-06	9.56519658684357e-05
Opaless3X_415	381.074442757784	-1.05049334270977	0.153218717608551	-6.85616848323722	7.07319516061721e-12	3.47966698511339e-10
Opaless3X_442	1154.80659632744	-1.18477085498568	0.240422474088792	-4.92787065550339	8.31306176573608e-07	1.27995767797631e-05
Opaless3X_443	103.258650705105	-1.10804483525035	0.327285103079482	-3.38556452714946	0.000710320071565497	0.00386176707371323
Opaless3X_467	478.485525327189	-1.14549745844783	0.240262382343678	-4.76769374911669	1.86346758489822e-06	2.50574274582647e-05
Opaless3X_483	43092.2991094753	1.15025954195454	0.282203707328183	4.07599018753099	4.58189509561613e-05	0.000375678146660883
Opaless3X_496	1649.99174035651	1.7521336996996	0.230859828190488	7.5895997733043	3.20895102790736e-14	2.69685592637048e-12
Opaless3X_497	7188.1783942515	1.2520002348393	0.222525007310269	5.62633499026751	1.8407870559388e-08	4.31728778119599e-07
Opaless3X_498	1075.89300316666	1.48416889499203	0.275204066227448	5.39297589362435	6.93002528355248e-08	1.39778609969253e-06
Opaless3X_499	2776.50771708401	1.44915135270461	0.1902178692858	7.61837653920554	2.5688602318667e-14	2.2527787337718e-12
Opaless3X_503	788.674266643533	1.51408050476264	0.202620219499317	7.4725045136364	7.86826693748374e-14	5.87788681959433e-12
Opaless3X_515	10363.6573846815	-1.13512001508424	0.320298814908459	-3.54394072737565	0.000394193855799456	0.00233863015562017
Opaless3X_518	98.8850596858598	-1.27031261497396	0.482141239645657	-2.63473129970704	0.00842039116175569	0.0291319536419575
Opaless3X_530	142.50391489188	-2.6014387784258	0.242463530809112	-10.7291961382591	7.4239165573278e-27	2.1391485280186e-24
Opaless3X_561	667.516155438342	-1.02548437822518	0.287634649300932	-3.56523242494436	0.000363533881527025	0.0021693723048521
Opaless3X_576	3211.80041373752	-1.06868642201091	0.382364266436216	-2.79494324083022	0.00519088279776092	0.0194609862510851
Opaless3X_58	407.3424454858	-1.51019478242659	0.220037299079207	-6.86335811585727	6.72603273073899e-12	3.39160200447513e-10
Opaless3X_613	94.6993221093852	-1.26591091110114	0.277645987712451	-4.5594424811649	5.12896019926407e-06	5.87790495563388e-05
Opaless3X_680	180.176477891787	-1.26255943228963	0.362575366804053	-3.48219859340847	0.000497314722045329	0.00283357004058031
Opaless3X_753	1299.09600408457	-1.44556233949132	0.14857888261981	-9.72925838451946	2.26236299602934e-22	4.17083413773784e-20
Opaless3X_755	4321.53422472609	-1.08231486801836	0.198374137196088	-5.45592728626975	4.87179277697833e-08	1.04536234374099e-06
Opaless3X_756	13687.3853124781	1.79890930265365	0.333997738596551	5.38599246274126	7.20459819867684e-08	1.43877966007239e-06
Opaless3X_757	6531.37860594405	1.66943178520296	0.329173080963375	5.07159267190717	3.94500073942449e-07	6.63088874284932e-06
Opaless3X_758	26675.3189824417	1.30825408412305	0.30053985696111	4.35301359810104	1.34278818002093e-05	0.000138892500466781
Opaless3X_761	514.714125776718	-1.25495104457016	0.256649226356987	-4.8897519091859	1.00963142691172e-06	1.50846413931922e-05
Opaless3X_789	56916.8451962237	1.14753834024345	0.388331888474228	2.95504534729862	0.00312623096514338	0.0126873397518998
Opaless3X_799	696.859547368392	-1.65464451254963	0.276752173351559	-5.97879500822467	2.24794219736883e-09	6.66779325307784e-08
Opaless3X_802	284.755528698166	1.15952099904277	0.318023361207926	3.64602460221362	0.000266328489202407	0.00167870175850392
Opaless3X_805	185.04968527447	-1.11359901764489	0.267002863847194	-4.17073810220329	3.03614637934253e-05	0.000265104209832635
Opaless3X_806	32310.4028212217	1.15169161445429	0.267003704455246	4.31339189395903	1.60768769923157e-05	0.000159739216224141
Opaless3X_844	202.377525824136	1.05498387350923	0.207938289924666	5.0735430876701	3.90476006312236e-07	6.61840424144353e-06
Opaless3X_847	2065.48725092893	-1.14048268989852	0.147699833744779	-7.72162473702739	1.14856124687565e-14	1.10316573092771e-12
Opaless3X_867	552.754579028416	1.00481084040939	0.207777850841293	4.83598630143158	1.32487045965055e-06	1.93642298341679e-05
Opaless3X_887	2257.8013681795	-1.00295847927925	0.146910081375772	-6.82702282843238	8.66949045291574e-12	4.16341958179311e-10
Opaless3X_89	441.987590486362	-1.07461483754051	0.321792388658127	-3.33946630006275	0.000839395347905058	0.00445542214927501
Opaless3X_896	6590.78019723388	-1.32486331516243	0.219805430144394	-6.02743669386193	1.66580465724623e-09	5.24988749010256e-08
Opaless3X_903	210.507481795294	-1.45497700208858	0.439969525012043	-3.3069949607277	0.000943025884430018	0.00482482747435849
Opaless3X_904	929.642341088844	-1.73044791254095	0.273739339569901	-6.32151708724011	2.59007730473916e-10	9.38861327993589e-09
Opaless3X_944	425.765995833266	-1.04833006155037	0.201976010919949	-5.19036917689134	2.09877538634495e-07	3.74622119845819e-06
Opaless3X_946	31186.1237332749	-1.28502007218905	0.218821142549701	-5.87246761083507	4.29355612209371e-09	1.20766968166775e-07
Opaless3X_958	52.2034722703784	2.09192649800602	0.400594363160258	5.22205674963315	1.76946720707183e-07	3.30464384876285e-06
Opaless3X_961	12310.995890145	1.00827903306307	0.20427583776125	4.93587026303868	7.97941399572909e-07	1.2380367714912e-05
Opaless3X_967	51.6834230383951	-1.17281783676698	0.382696298957347	-3.06461766147807	0.00217948424907732	0.00941331848049026
Opaless3X_969	45.4573690330287	-1.36857599941164	0.413882527895947	-3.30667739556213	0.00094409551034771	0.00482482747435849
Opaless3X_974	7322.96404969083	1.32420713510757	0.180803305816862	7.32402059312384	2.40649733789007e-13	1.51684535328884e-11
