ID	baseMean	log2FoldChange	lfcSE	stat	pvalue	padj
Opaless3X_1006	212.462267968324	-1.70735730012445	0.265198049953916	-6.43804620894135	1.21021160771483e-10	3.21548628429547e-09
Opaless3X_1008	265.912148945849	-1.16406014433901	0.197193898659944	-5.90312455024991	3.56680785618201e-09	6.62542450453631e-08
Opaless3X_1012	12027.7264090004	-1.18427469461629	0.26335873268837	-4.49681194364505	6.89799476127373e-06	5.44319210673442e-05
Opaless3X_1017	415.69544585042	1.50747181416667	0.285699298333644	5.27642812901216	1.31726140732978e-07	1.57098391703705e-06
Opaless3X_1026	1185.40943222393	-1.03574180098195	0.243236349545863	-4.25817030602434	2.06106909010179e-05	0.000144688428766677
Opaless3X_1061	1369.52457130406	1.00232837200147	0.196773827949527	5.09380938738748	3.50939610012183e-07	3.83657417403944e-06
Opaless3X_1064	949.785732945136	-1.87576528169346	0.29908352118948	-6.27171057179408	3.57102928363039e-10	8.23691260037383e-09
Opaless3X_1067	12854.3810929847	-1.25684984601961	0.256572744530457	-4.89861013226374	9.65169355139947e-07	9.60137666558649e-06
Opaless3X_1068	4640.79336648278	2.27966072050973	0.350249929395302	6.50866860828641	7.58197763096754e-11	2.15061770910822e-09
Opaless3X_1074	866.288784476993	1.30782226420115	0.192116708215071	6.80743635653524	9.93532385036073e-12	3.32182234826506e-10
Opaless3X_108	7277.00392544994	-1.69619459901502	0.158840860267164	-10.6785785229449	1.28219911402863e-26	3.36416992543263e-24
Opaless3X_1099	34.2675095221823	-1.60816484038233	0.376274375287579	-4.27391538196892	1.92069952908688e-05	0.000135286856092395
Opaless3X_1102	1602.29480630149	-1.12049591917385	0.198720140439598	-5.63856243607289	1.71475647142137e-08	2.62720717774705e-07
Opaless3X_1104	2522.87834751961	-1.20091675473292	0.177426092958388	-6.76854646748366	1.3008261156399e-11	4.26630315113774e-10
Opaless3X_1118	806.899619460847	1.08981312032123	0.198127366065312	5.50056835642774	3.78568948342051e-08	5.26235908986732e-07
Opaless3X_1121	1643.3053221199	-1.09430392580484	0.272282627075574	-4.01900017477468	5.84456275613779e-05	0.000366201111198006
Opaless3X_1163	2683.30932717607	-1.15822505925462	0.212210637441791	-5.45790292709676	4.81790920492407e-08	6.29579412361198e-07
Opaless3X_1167	117.659026501506	-1.13798191073913	0.300857437058857	-3.78246229132272	0.00015528462324103	0.000864568764410934
Opaless3X_1172	236.511295061089	1.03965477628585	0.433505505589637	2.39825045560092	0.0164735970037911	0.04454416503585
Opaless3X_1179	1240.32102138907	-1.21827557099815	0.215663293062362	-5.64897045620955	1.61411590028655e-08	2.50965131459368e-07
Opaless3X_118	1067.82015394543	-1.4599695292776	0.159842954490706	-9.13377467232997	6.61516334229121e-20	7.7140154752607e-18
Opaless3X_1187	711.041118610176	-1.29662553172611	0.252461513854613	-5.13593344161282	2.80747014362945e-07	3.16821496316033e-06
Opaless3X_119	382.447779404254	-1.68668674683997	0.261160323382827	-6.45843413345567	1.05791889325276e-10	2.88385942459421e-09
Opaless3X_1227	39.9597749994312	-1.8110413445039	0.462300033768634	-3.91745881941741	8.94873268164405e-05	0.000532107362571412
Opaless3X_1231	35.8617712635142	-1.37097487848069	0.387748085339883	-3.53573603665627	0.000406640790847803	0.00197122175517215
Opaless3X_1232	39.261014678502	-1.59958658763392	0.335882539902751	-4.76233920374976	1.91361665271002e-06	1.73882309698629e-05
Opaless3X_1234	176.527164737961	1.03859678056601	0.214290423572352	4.84667846211685	1.2554565483863e-06	1.19781967957402e-05
Opaless3X_1237	3734.02006704333	4.50937000307451	0.285299830614968	15.8057226790303	2.84113466566041e-56	5.96354166322119e-53
Opaless3X_124	10513.7638832325	-1.03336170673805	0.281632794504865	-3.66918102898774	0.000243328732487911	0.00127051494898539
Opaless3X_1240	5002.8265364715	-1.18554032213656	0.167321764886779	-7.08539216603873	1.38651097981952e-12	5.29143008480214e-11
Opaless3X_1242	60.5953001358347	-1.07796644984887	0.441324683003803	-2.44257004278997	0.0145830994750305	0.0404358332867755
Opaless3X_1250	3726.07415817213	-1.16261651740975	0.102934599808222	-11.2947106179635	1.39362327327373e-29	4.87535875100259e-27
Opaless3X_1259	3103.81678955762	1.1524202541555	0.219809904687634	5.24280403011489	1.58154489690575e-07	1.86497906663211e-06
Opaless3X_1270	4678.08475415861	-1.19544817122038	0.135845203537031	-8.80007641119623	1.36723028197848e-18	1.24774624429254e-16
Opaless3X_1283	1215.28768775746	-1.21186396033065	0.200692201925628	-6.03842076923216	1.5562981026443e-09	3.33333644637795e-08
Opaless3X_1285	3030.97472618172	1.03527073246422	0.400610811563868	2.5842306362697	0.00975965062608353	0.0290987310570303
Opaless3X_1286	2604.97245115038	1.95040990537623	0.368123361436353	5.29825083028165	1.16917284374371e-07	1.41855132891217e-06
Opaless3X_1287	3881.90572398608	1.91077860961489	0.330720243040962	5.77762822150025	7.57609824894348e-09	1.26208176385177e-07
Opaless3X_1294	620.183221408333	1.38526874919155	0.30784375885917	4.49990850659174	6.79827166554255e-06	5.38474423621653e-05
Opaless3X_1297	4027.82645821474	1.50871498274512	0.253050204661348	5.96211722003625	2.4899041906502e-09	4.97743704397598e-08
Opaless3X_130	292.046909890806	1.03488830138478	0.427514558089009	2.42070891342445	0.0154902756046271	0.0424465907233841
Opaless3X_131	274.920020063582	1.09558819740562	0.370698450097698	2.95547013244021	0.00312192923180746	0.0110756114516354
Opaless3X_1332	1146.27638625488	1.24029719646525	0.233345832540503	5.31527468462489	1.06496552771944e-07	1.3149192015783e-06
Opaless3X_1337	197.315629523336	-1.09533003529424	0.396656327096369	-2.76140820269362	0.00575526931437359	0.0186712678375118
Opaless3X_1340	462.011586501201	-1.14515682566557	0.25387047579139	-4.51079166293669	6.45861304588444e-06	5.17903543621844e-05
Opaless3X_1351	189.475735541161	-1.42571857987501	0.491083874715002	-2.90320789030676	0.00369361361332948	0.0127514719973332
Opaless3X_1353	2727.02873338001	2.95028957589416	0.294330395932318	10.023733928495	1.19886197516446e-23	2.09700940489183e-21
Opaless3X_1354	17813.576377267	1.02820964915002	0.329284362042428	3.12255839534078	0.00179286534863374	0.00682980828817099
Opaless3X_1355	1473.93942976127	1.34763838240875	0.240382563609546	5.60622352209255	2.06788875431339e-08	3.07836772716582e-07
Opaless3X_1356	627.805528846081	1.40222127021394	0.281359833824456	4.98372938011047	6.23702958686925e-07	6.54058124337723e-06
Opaless3X_1363	4647.13383296835	1.08966670081486	0.208834381414795	5.21785107142161	1.81010911690024e-07	2.08759287712835e-06
Opaless3X_1370	9226.35244571054	-1.48522044207722	0.219894092299309	-6.75425349788668	1.4357253628962e-11	4.63628851802943e-10
Opaless3X_1376	936.786495980622	-1.35036940889891	0.245781172589675	-5.49419385818178	3.92499155149585e-08	5.42010346486171e-07
Opaless3X_1395	949.244785884188	-1.18176982090084	0.182975536973376	-6.45862195815169	1.05660693462172e-10	2.88385942459421e-09
Opaless3X_1398	2085.64665558356	2.24102765843775	0.617456686215953	3.62944917184678	0.000284026648374238	0.00145053998768254
Opaless3X_1421	203.247742562805	1.73388914163803	0.355780557411097	4.87347918687574	1.09649824613294e-06	1.07048828773629e-05
Opaless3X_1422	683.040264544491	1.45469298427224	0.245787103664385	5.91850818283199	3.24874845155342e-09	6.19920272710057e-08
Opaless3X_1425	5221.29753838643	-1.62760229565027	0.217123874263174	-7.49619221365528	6.5698429027843e-14	3.0644667228765e-12
Opaless3X_143	526.988778776568	-1.23539564152095	0.272541865983056	-4.53286557301898	5.81888488958603e-06	4.71034785989234e-05
Opaless3X_1445	996.601793197337	1.05920869893762	0.334982769848989	3.16197964275926	0.00156700518572087	0.00611365034354667
Opaless3X_1453	1744.21410947783	1.37595843165261	0.258414715340607	5.32461330555038	1.01168025216235e-07	1.256518845733e-06
Opaless3X_1462	56.4799993091492	-1.45971052464269	0.489892620229759	-2.97965403920167	0.00288574097504669	0.0103364681000393
Opaless3X_1470	27.0175263720612	-1.6596992327421	0.499847138217418	-3.32041359416604	0.000898841780665463	0.00390614678595612
Opaless3X_1473	4207.39547293693	1.10016451637463	0.41402850460151	2.6572192594167	0.00787881818579852	0.0243917984837627
Opaless3X_1481	16091.6871417676	1.28094973760181	0.180450301338943	7.09862897483211	1.2600056861369e-12	4.99009799094596e-11
Opaless3X_1484	4427.04817867821	1.53794887162932	0.376594205434313	4.08383572937787	4.42983515081562e-05	0.000283482438462256
Opaless3X_1491	14772.9233609986	1.11018757744828	0.313923360099536	3.53649240087222	0.000405478166213779	0.00197013581222852
Opaless3X_1497	5024.14931444664	1.00664275652424	0.263257812133544	3.82379063461027	0.000131415518270222	0.000745516683376207
Opaless3X_150	760.664982341852	-1.43081771096423	0.238058872718006	-6.01035237472168	1.85120512545609e-09	3.77250442556537e-08
Opaless3X_1516	6081.38355540503	1.03175543701346	0.128886323925154	8.00515838757732	1.19313003703342e-15	7.36582337568576e-14
Opaless3X_1528	311.510213005682	1.3266305033049	0.270892708633662	4.8972543779277	9.71849961682792e-07	9.62223146024614e-06
Opaless3X_1538	1008.47567490274	1.43742197178036	0.277911403024135	5.17223099210336	2.3131537813186e-07	2.65317474698783e-06
Opaless3X_1547	768.599636291581	2.97354964699612	0.356586307696629	8.33893389290178	7.49633041046568e-17	5.42579225226464e-15
Opaless3X_1551	5182.56619113067	-3.69124266842809	0.356451546941651	-10.3555243345102	3.95016196488895e-25	7.53762724027446e-23
Opaless3X_1557	353.651017399683	2.1777081261409	0.465380780322617	4.67941139432369	2.8769965688597e-06	2.49537842894071e-05
Opaless3X_1561	1294.4938249485	-1.2370576696647	0.196246091622063	-6.30360410971682	2.90802716765451e-10	7.01603336196186e-09
Opaless3X_1563	18.2013733348709	1.05498985013592	0.37593119035595	2.80633764156948	0.00501081569428443	0.0166118255381817
Opaless3X_1585	650.702275965475	1.12824462120928	0.173528782019759	6.50177225977887	7.93792118722255e-11	2.22155954293069e-09
Opaless3X_159	41.4276208562703	-1.20803142943294	0.373579065911648	-3.23367003042574	0.00122210564918074	0.00494258142125314
Opaless3X_1603	4215.67357715416	-1.70138635476473	0.221018499651896	-7.69793640552447	1.38281156508545e-14	7.63821440819568e-13
Opaless3X_1610	2360.66195789441	1.30213503934712	0.207933164642557	6.26227683104583	3.79396627457615e-10	8.56294108638208e-09
Opaless3X_1621	1782.42121950948	-1.2071621705012	0.242977517471227	-4.96820521941561	6.75754273939617e-07	7.02182287623394e-06
Opaless3X_1623	2073.24171183744	2.24609128973984	0.618495483970329	3.63154032317492	0.000281734625270798	0.00144234384986196
Opaless3X_1635	80.7505564074772	1.24582332263729	0.293213098921499	4.24886653161028	2.14854876305709e-05	0.000148838411011777
Opaless3X_1640	2050.6339375897	-1.26067003163185	0.215310213919203	-5.85513343136119	4.76627192712531e-09	8.62448687503106e-08
Opaless3X_1642	2623.73966273305	1.92166976054007	0.338261621050847	5.68101623403268	1.33896766161237e-08	2.16191778594181e-07
Opaless3X_1669	2691.48327655989	-1.47350487664552	0.34233719535893	-4.30425001028765	1.6755236795125e-05	0.000121273248389542
Opaless3X_1677	2682.66468569404	1.31213681632033	0.187947107482854	6.98141532420249	2.92221015557761e-12	1.039613409586e-10
Opaless3X_1682	166.672583230763	-1.09149787266971	0.18113898009218	-6.02574814164382	1.68329138329391e-09	3.48197609808305e-08
Opaless3X_1700	4171.97873562053	1.70500510865086	0.298077080142173	5.72001412466075	1.06515198154666e-08	1.7466828197394e-07
Opaless3X_1702	958.821040399433	-1.76490864237558	0.276273845126724	-6.38825814859903	1.67785924000258e-10	4.29491042044562e-09
Opaless3X_173	5674.15224164401	1.36630319807308	0.226661776416442	6.02793827735117	1.66064442578033e-09	3.48197609808305e-08
Opaless3X_1739	973.522137415027	1.18119692338138	0.209998738117132	5.62478105331538	1.85743409932578e-08	2.82518418440928e-07
Opaless3X_1747	701.079017520944	-1.2874655909134	0.189140368068895	-6.80693182559757	9.97021476611237e-12	3.32182234826506e-10
Opaless3X_1748	10650.9225764303	-1.73128168455094	0.371922616130783	-4.65495135133742	3.24057212292438e-06	2.78768888771241e-05
Opaless3X_1751	839.823277863318	-1.12450495424835	0.189088237063007	-5.9469852367054	2.73126033968189e-09	5.40841080470971e-08
Opaless3X_1756	172.79645916263	-2.24207978873673	0.285665202240932	-7.84862759324023	4.20614560449273e-15	2.45241656217507e-13
Opaless3X_1757	282.042721001966	-1.73473328916875	0.224276786542499	-7.7347875181903	1.03575946719691e-14	5.87583546390895e-13
Opaless3X_1758	52.3301429015659	-1.69305444329527	0.405591083553433	-4.17428911025906	2.98917965493917e-05	0.000201098977426837
Opaless3X_1759	81.4221474215253	-1.11749163096202	0.304733877411939	-3.66710665861216	0.000245310490239571	0.00127768416628501
Opaless3X_1762	569.380842420821	-1.55871040356854	0.172432794730784	-9.03952409982178	1.57355367668356e-19	1.6514445836794e-17
Opaless3X_1765	1812.46049406118	-1.0476650506032	0.289109515669265	-3.62376536855917	0.000290345015063069	0.00146851611233104
Opaless3X_1766	3545.28590182777	-1.79624827510461	0.286682010779235	-6.26564698015824	3.71280604969362e-10	8.47084771555100e-09
Opaless3X_1769	1359.89300224095	1.14640336494416	0.320406797361141	3.57796206068627	0.000346283700005331	0.00170742660000045
Opaless3X_1772	5546.56129627145	1.00074554573934	0.271438985605749	3.68681581794914	0.00022707758300242	0.00119757750432684
Opaless3X_1811	1376.9262352267	-1.02290245372546	0.163706990322608	-6.24837370542139	4.1474838572113e-10	9.16375643819634e-09
Opaless3X_1822	502.018492092775	1.5455571532634	0.218887211875453	7.06097510229525	1.65338221082421e-12	6.18636906418638e-11
Opaless3X_1848	84.2106130563693	1.68756500734379	0.545591924829913	3.09309014767746	0.00198083953789008	0.00750502200366658
Opaless3X_1862	418.05037727662	-1.55553717938068	0.172885365571838	-8.99750637791439	2.30902411729662e-19	2.30792458200267e-17
Opaless3X_1863	8494.83254790935	1.03326721424658	0.278266737396055	3.7132257484873	0.000204634198738484	0.00110432107837488
Opaless3X_1870	680.973647267343	1.69947077299872	0.28786141060891	5.90378116123257	3.55263350984255e-09	6.62542450453631e-08
Opaless3X_1871	3180.48541687355	-1.01246566868917	0.192952093588196	-5.24723857544662	1.54395907586763e-07	1.83094355946111e-06
Opaless3X_1872	3127.39664765497	1.50464303921866	0.211200935404996	7.12422526128198	1.0466774339888e-12	4.39395186788498e-11
Opaless3X_1882	36833.2079815669	-2.46780102722684	0.289351370219757	-8.52873454634964	1.47957263230222e-17	1.24224918208094e-15
Opaless3X_1899	505.384463937948	-1.9058606770543	0.527421585004868	-3.61354319057062	0.00030204101454929	0.00151308851918606
Opaless3X_1904	4104.2684523349	-1.58614652995177	0.217072030470501	-7.30700554333883	2.731612929015e-13	1.2464468560875e-11
Opaless3X_1907	25.6862997128281	1.10784012812408	0.456237657683143	2.42820843362622	0.0151736200916248	0.0417883903931264
Opaless3X_1921	3467.81026350267	-1.1955834036728	0.268948820405125	-4.44539374395419	8.77310350239329e-06	6.77012656306011e-05
Opaless3X_1923	559.068581716486	-2.30418551892976	0.179810791859396	-12.8145007043378	1.36011039754277e-37	9.51623908147424e-35
Opaless3X_1924	341.90040060067	-1.37207099568761	0.166639848714172	-8.23375084816026	1.81440859919128e-16	1.19013864053203e-14
Opaless3X_1925	1045.38258983483	-1.98926635459866	0.18873786551689	-10.5398370864836	5.65968557101525e-26	1.31996444595122e-23
Opaless3X_1942	1563.80737312779	1.36780498932395	0.200839133270832	6.81045056831362	9.72935400820171e-12	3.32182234826506e-10
Opaless3X_1948	2879.58246181148	-1.06902812469766	0.125007751820858	-8.55169466794045	1.21294291584303e-17	1.06081965848105e-15
Opaless3X_1957	16250.4081953963	-1.92627997489807	0.175139991990237	-10.9985158330112	3.88472895834784e-28	1.16486372622459e-25
Opaless3X_1958	4237.10510033562	-1.19201078173431	0.254538865350049	-4.68302072492946	2.82677919868416e-06	2.46199565893695e-05
Opaless3X_1960	10908.6602339998	-1.22657888523196	0.160635344789819	-7.63579700866496	2.24427688374935e-14	1.14896028755851e-12
Opaless3X_1964	116.346454940003	-1.33125507149165	0.310155507506685	-4.29221806246003	1.76897092265475e-05	0.000126294896824909
Opaless3X_1969	309.559765927921	-2.25147572328336	0.388923993244215	-5.78898644051926	7.0812413279975e-09	1.19867141511829e-07
Opaless3X_1976	2414.58715924912	1.54949183144603	0.232133916864312	6.67499111020365	2.47247152212944e-11	7.63193783080838e-10
Opaless3X_1982	322.828015486534	1.00913337379172	0.213715494975811	4.72185404201008	2.33704379019597e-06	2.05249159649428e-05
Opaless3X_1986	1944.95654255219	1.13484165164498	0.168780146148045	6.72378640227958	1.77061938593855e-11	5.54705983744032e-10
Opaless3X_199	5191.11716557403	-1.78955773610696	0.189405214392094	-9.44830237040008	3.4437031532958e-21	4.81888861251192e-19
Opaless3X_1994	515.010380521282	1.19218451031012	0.187308505910521	6.36481778825164	1.95521706678156e-10	4.88571502758869e-09
Opaless3X_1995	1583.57830534953	1.00118253238513	0.182787605533253	5.47729989385409	4.31864949274198e-08	5.81079825978552e-07
Opaless3X_2	19.8290450392528	1.36134610817747	0.398178810182485	3.41893157888932	0.000628675325642808	0.00285625434745509
Opaless3X_2005	5390.31780347113	-1.33616081137022	0.230780821219641	-5.78973939129265	7.04957169288009e-09	1.19867141511829e-07
Opaless3X_2010	894.933130422656	1.05898587583601	0.150024363347149	7.05875933887861	1.6799572970873e-12	6.18636906418638e-11
Opaless3X_2014	3014.65481999839	-1.71457600835723	0.284250614358057	-6.03191663184043	1.62026366157136e-09	3.43528628852353e-08
Opaless3X_2018	158.337064082488	1.19355568010198	0.251463875483647	4.74642999041664	2.07038339404536e-06	1.84924882727711e-05
Opaless3X_2019	30.2328828391227	1.68164363960238	0.342836624821595	4.90508749022211	9.33857046025851e-07	9.3341235219441e-06
Opaless3X_202	25.7206093418413	2.07448392202209	0.416319105655441	4.98291789601172	6.26325312014685e-07	6.54058124337723e-06
Opaless3X_2027	2085.70044209427	2.22245756851927	0.62172121452236	3.57468511063546	0.000350649655804403	0.00172368531038277
Opaless3X_2036	91.6064131779827	-1.21926616282752	0.248080501650843	-4.91480045676284	8.88729317759636e-07	8.92556381807405e-06
Opaless3X_2037	17.2736527154149	-2.62588784226984	0.660735111927983	-3.97419146472732	7.06187392717491e-05	0.000434688368713787
Opaless3X_204	714.801365215464	-1.31866800044216	0.30075016924209	-4.38459603785191	1.1620121006013e-05	8.67994092228514e-05
Opaless3X_2044	21399.4163822144	1.58552729009242	0.248500136895702	6.3803879945462	1.76639878447613e-10	4.46707355254867e-09
Opaless3X_2045	553.643130928016	-2.1926831834096	0.33139969261146	-6.61643095119084	3.67974628937401e-11	1.11938948715885e-09
Opaless3X_2053	765.978627298662	1.36103011304972	0.230889685306365	5.89472029139708	3.7531658770543e-09	6.87254872470559e-08
Opaless3X_2057	482.74377404285	-2.2439606487454	0.28127838710411	-7.97772154429641	1.49059199258851e-15	8.93929312126652e-14
Opaless3X_2058	3679.1329858247	-4.50197904455712	0.480734799155915	-9.36478709771333	7.6203767737684e-21	9.99698178008742e-19
Opaless3X_2061	410.998294926772	-1.14599313261342	0.206663900933864	-5.545202270135	2.93614548145191e-08	4.22121189422436e-07
Opaless3X_2063	18.4662056783197	1.86506284335249	0.443929977570378	4.20125456172155	2.65439915961714e-05	0.000180310156506032
Opaless3X_2067	124.684818221083	-1.05311229287397	0.24797422485418	-4.24686192080346	2.16785468054719e-05	0.000149681808370676
Opaless3X_2077	118.874804587397	-1.11493620276682	0.270842449412205	-4.11654895747143	3.8458766572829e-05	0.000250698605703006
Opaless3X_2081	100.192780804831	-1.01107778458439	0.29416024311487	-3.43716667445629	0.000587833751417728	0.00269402411403015
Opaless3X_2086	3711.45334355729	-1.41614051648139	0.24213658927955	-5.8485193034847	4.95968092584737e-09	8.84610811004231e-08
Opaless3X_2088	125.033429182429	1.12895675202451	0.304480375365558	3.70781450419943	0.000209055697673543	0.00112227086807357
Opaless3X_2094	975.277945859047	-1.07084124498137	0.21107734682284	-5.0732172878795	3.91145424596834e-07	4.25395982501945e-06
Opaless3X_2096	1226.99448910258	-1.90232777647594	0.271416566153028	-7.00888602136167	2.40223043728554e-12	8.69358911700406e-11
Opaless3X_2102	9212.34108726754	1.42661663990524	0.216335110593945	6.59447574639402	4.26761169008651e-11	1.26165027288614e-09
Opaless3X_2133	10140.8154886311	-3.69305374905294	0.24751188831474	-14.9207125936383	2.41678548273284e-50	2.53641636412812e-47
Opaless3X_2149	51.9523226500492	1.86529910010839	0.423826503863802	4.40109120855692	1.07707834206389e-05	8.0742408571147e-05
Opaless3X_2157	190.215196561185	-1.2647481076412	0.264637244633193	-4.7791765266988	1.76014606342844e-06	1.63475512705146e-05
Opaless3X_2164	158.602661483596	-1.12652785150694	0.248182880813196	-4.53910377627885	5.64938290029629e-06	4.61402906915249e-05
Opaless3X_2177	996.931483142701	-1.08424399162249	0.239023102965448	-4.53614725175425	5.72911865639978e-06	4.66101552704772e-05
Opaless3X_2185	19.2323255602508	1.2276186593831	0.421528659985195	2.91230176241448	0.00358775849602614	0.0124592437858836
Opaless3X_2189	122.946158147012	-1.14116805207116	0.288574204192413	-3.95450471834365	7.66933584250688e-05	0.000463670675913799
Opaless3X_226	1643.65941415185	-1.02072741344714	0.187032331877459	-5.45749177803067	4.82907505431886e-08	6.29579412361198e-07
Opaless3X_23	3642.85769999298	-1.03749657643819	0.175201790048208	-5.92172360883251	3.18584739917046e-09	6.19175341746185e-08
Opaless3X_250	5669.86895080624	1.24020099407753	0.226553745046504	5.47420213169709	4.39487196792822e-08	5.87569188578429e-07
Opaless3X_251	246.946028804666	1.41375754366425	0.441726814692475	3.20052461530661	0.00137177651613158	0.00544302250918748
Opaless3X_252	847.775936005581	1.63898337532516	0.280260473077742	5.84807182163902	4.97303838487371e-09	8.84610811004231e-08
Opaless3X_255	619.080833697791	1.11948215511836	0.260638125721159	4.29515886066501	1.74568285444204e-05	0.000125057621552008
Opaless3X_256	8173.96688826661	1.06665551738037	0.196444568413482	5.42980407142256	5.64159538836667e-08	7.30969674085286e-07
Opaless3X_257	2606.31146880851	-1.59425033169614	0.17581916109156	-9.06755737997131	1.2171487489491e-19	1.3446290652864e-17
Opaless3X_258	6957.27884758331	-1.20762682875365	0.144399970224497	-8.36306840559704	6.11077592430942e-17	4.5808995232591e-15
Opaless3X_260	212.292500701088	1.15598078254467	0.233988426312813	4.940333164168	7.79891982714541e-07	7.9465692801836e-06
Opaless3X_262	46.4023513771241	1.14887511431252	0.34224979320712	3.35683216502999	0.000788409552583731	0.0035060840060874
Opaless3X_266	1041.8896638186	2.43467747307885	0.429907351108354	5.66326085562844	1.48523111501291e-08	2.37381906430331e-07
Opaless3X_267	552.232047998509	1.35135681257777	0.453125915141403	2.98229866670958	0.00286092751021208	0.0102813209854498
Opaless3X_271	2078.69337305617	1.03165110636842	0.180059098286755	5.7295138995168	1.00718836785242e-08	1.66463652293089e-07
Opaless3X_277	983.492204446183	-1.17630066160752	0.283586826744663	-4.14793830556396	3.35482769760522e-05	0.000224260615836731
Opaless3X_282	3146.32602369862	-1.01294144342145	0.248619032459161	-4.07427152057571	4.61586039029755e-05	0.000294489086906825
Opaless3X_283	10441.1978421926	-3.39256336307398	0.267201095287664	-12.6966671278859	6.17018977382012e-37	3.23780708381211e-34
Opaless3X_30	12.22423471983	-1.24862580969786	0.505590600851586	-2.46963809769159	0.0135249803588132	0.0381059513733542
Opaless3X_312	8920.81104730165	1.02357112515576	0.161462276871761	6.33938245506541	2.30687936460137e-10	5.67808390754349e-09
Opaless3X_313	1915.79900333961	1.73140035349654	0.243537589408924	7.10937624741513	1.16568568412935e-12	4.78133072328171e-11
Opaless3X_315	1932.93681578844	1.09748360745814	0.173157032804608	6.33808277770933	2.3264183708849e-10	5.67808390754349e-09
Opaless3X_316	629.42863350917	-1.05626152419619	0.17598125915639	-6.00212505160861	1.94751610907081e-09	3.93061183936503e-08
Opaless3X_320	1562.6016085858	1.29693611791002	0.232375240086464	5.58121475174138	2.38844516694908e-08	3.50583664715114e-07
Opaless3X_327	762.514939902348	1.20087753096848	0.141376579641353	8.49417586714073	1.99342275362558e-17	1.54970161476299e-15
Opaless3X_330	28.3033362622832	-1.27920765630799	0.390249279277167	-3.27792445556179	0.0010457337819546	0.00437250041498545
Opaless3X_334	298.195022962072	-1.94389159871096	0.257873486260857	-7.53815999813403	4.76648837559274e-14	2.3267114186905e-12
Opaless3X_342	849.445533616448	-1.23979651161944	0.153446702977517	-8.07965559091287	6.49499445443196e-16	4.13121010904627e-14
Opaless3X_343	188.778877254541	-1.53370131781796	0.306908832482551	-4.99725376233726	5.81525223989642e-07	6.13377610630281e-06
Opaless3X_350	2721.8682365415	-1.85937341198906	0.17687332731958	-10.5124579277546	7.56945826767203e-26	1.58882929038436e-23
Opaless3X_351	1073.26151617618	-1.08627382819376	0.187560098830135	-5.79160405101704	6.97173458447654e-09	1.19867141511829e-07
Opaless3X_377	277.600405448127	-1.22331040256962	0.172426065793403	-7.09469532312684	1.29636763772755e-12	5.0390290214632e-11
Opaless3X_392	451.71975763	-1.55095267020228	0.274801563990152	-5.64390044831716	1.66240221509327e-08	2.56572224226527e-07
Opaless3X_398	142.818158616202	1.27453650754656	0.369183714250209	3.45230967225916	0.000555809437067868	0.00255842984299442
Opaless3X_414	20.0164601101372	-1.30459370472942	0.383199423906515	-3.40447720779375	0.00066290832181681	0.00299880294718423
Opaless3X_415	381.074442757784	-1.54047125541856	0.16195154274283	-9.51192702044676	1.87162805971071e-21	2.80610521238056e-19
Opaless3X_418	33.6788155009719	1.22198566333041	0.349798355845187	3.49340024877427	0.000476911119840322	0.00223945512426138
Opaless3X_440	372.709093715416	1.05293995824325	0.251455400797928	4.18738255333557	2.82189961811625e-05	0.000190455540142315
Opaless3X_442	1154.80659632744	-1.63009250993428	0.25251170877679	-6.45551256941996	1.07853228027929e-10	2.90235802090543e-09
Opaless3X_459	2831.59282976903	1.05276033948009	0.235067099722517	4.47855246745634	7.51509006158052e-06	5.86400521905484e-05
Opaless3X_467	478.485525327189	-1.20120688153529	0.252764845774589	-4.75227034777811	2.01145174306275e-06	1.80428940542253e-05
Opaless3X_475	427.716918110486	-1.10450699350356	0.347223619788951	-3.18096733792159	0.00146784177615348	0.00576843270702778
Opaless3X_478	2351.12555375236	1.05021269630744	0.302119834182695	3.47614614296513	0.000508675011736168	0.00237268633252048
Opaless3X_483	43092.2991094753	1.80094328353367	0.296492490688075	6.07416153897925	1.24637214683999e-09	2.69704653218261e-08
Opaless3X_484	36.0949099368128	1.68207041161108	0.369882506220627	4.54758033516666	5.42662087122341e-06	4.44940515964764e-05
Opaless3X_496	1649.99174035651	1.42917739702564	0.242472400673932	5.89418586632278	3.76533160238753e-09	6.87254872470559e-08
Opaless3X_497	7188.1783942515	1.46910201447394	0.233862255945944	6.28191158308813	3.34435043054477e-10	7.97703585649259e-09
Opaless3X_498	1075.89300316666	1.71826838678503	0.290293141600809	5.91908020048188	3.23747075323961e-09	6.19920272710057e-08
Opaless3X_499	2776.50771708401	1.65009033969009	0.200305506573729	8.23786808418429	1.75306317238364e-16	1.18699341897847e-14
Opaless3X_500	2139.21458185502	1.13808903985962	0.253815258173631	4.48392680585449	7.32818079259049e-06	5.73949682225651e-05
Opaless3X_502	2092.31990334262	1.13091358241371	0.227977202445249	4.96064330241665	7.02601060984092e-07	7.26482574879611e-06
Opaless3X_503	788.674266643533	1.91938275380573	0.214285106521518	8.95714492230936	3.33193636451374e-19	3.17897019505197e-17
Opaless3X_515	10363.6573846815	-1.11968097563126	0.336513151531636	-3.3273022778903	0.000876911945861577	0.00383466286325719
Opaless3X_520	252.66078925471	-1.38734096171866	0.389277622899147	-3.56388572090641	0.000365405089641185	0.00178784448288309
Opaless3X_530	142.50391489188	-2.90456709398542	0.251339806751368	-11.556335351442	6.85732009881322e-31	2.87870297748179e-28
Opaless3X_548	6172.63697928589	1.02088196178094	0.186843855198383	5.4638241150452	4.65985257405832e-08	6.19052566642304e-07
Opaless3X_556	6209.07592289078	-1.38548832348003	0.180796560104426	-7.66324493496882	1.81293122090615e-14	9.75728880174873e-13
Opaless3X_569	1125.03750200116	1.26720711461819	0.239834693504547	5.28366891420638	1.26622003770483e-07	1.51874049093854e-06
Opaless3X_576	3211.80041373752	-1.18400919319707	0.401526527388632	-2.94876953933129	0.00319041792320724	0.0112360523839127
Opaless3X_58	407.3424454858	-1.73235683834054	0.230478642861997	-7.51634432079597	5.63290833759022e-14	2.68715331831861e-12
Opaless3X_60	8986.01376957696	1.32189353499371	0.261266797221457	5.05955425278641	4.20237700425897e-07	4.54679862471113e-06
Opaless3X_606	11.6831223124792	1.5066878600358	0.616709848327587	2.44310653400734	0.0145614381276193	0.0404291780818425
Opaless3X_613	94.6993221093852	-1.55715035549589	0.297687762861586	-5.23081748650819	1.68762066978206e-07	1.97894736640924e-06
Opaless3X_615	3010.65482499386	-1.41016389124648	0.231409733423976	-6.09379679230197	1.10263614388604e-09	2.41086798543416e-08
Opaless3X_633	52.8737487372511	-1.93205928671507	0.528108316091727	-3.65845268450477	0.000253742573432801	0.00131507570774185
Opaless3X_644	247.318240351679	1.61893140119518	0.549331070649816	2.94709600037753	0.00320773601172282	0.0112781204164258
Opaless3X_648	1600.34647168094	-1.35420998588121	0.232123166105425	-5.83401479741217	5.41093195064536e-09	9.54415644067614e-08
Opaless3X_649	1279.87214232445	-1.06453633347416	0.269850111724889	-3.9449171492634	7.98275741859776e-05	0.000479614929097727
Opaless3X_651	45.4475156030546	-1.0244272349838	0.399038001734551	-2.56724229404415	0.0102510955457561	0.0302630795366275
Opaless3X_661	92.3498632487225	-1.03667888318072	0.288414436104444	-3.5944070525142	0.000325131187013297	0.00161718095151875
Opaless3X_680	180.176477891787	-1.40573844473325	0.380704987758628	-3.69246132815184	0.000222094120895084	0.00117424574246544
Opaless3X_699	38.1758164566034	1.24386103223185	0.352940402271749	3.52428065538988	0.000424634221515265	0.00203494801589165
Opaless3X_710	64.8879188726637	1.05009583165034	0.390277680575334	2.69063767649312	0.00713156019334164	0.0224761934621983
Opaless3X_752	149.380112213919	1.13727727168097	0.306280048078657	3.71319411373768	0.000204659790132362	0.00110432107837488
Opaless3X_753	1299.09600408457	-1.53298171903828	0.156240929772955	-9.81165256291012	1.00312109003028e-22	1.61965474459504e-20
Opaless3X_756	13687.3853124781	1.92573543862925	0.351008876617208	5.48628700558292	4.10469807688839e-08	5.60594281365664e-07
Opaless3X_757	6531.37860594405	1.80964069211302	0.346100584813213	5.22865540111603	1.70747279390415e-07	1.99110299689156e-06
Opaless3X_758	26675.3189824417	1.2745440819431	0.315796259945172	4.03596952720208	5.43772741730025e-05	0.000341730234997402
Opaless3X_761	514.714125776718	-1.39304465146051	0.269580212187268	-5.16745884335462	2.3729819829398e-07	2.707004990321e-06
Opaless3X_763	2466.40464911105	-1.01931410124009	0.176380758834497	-5.77905497161705	7.5121380728908e-09	1.26143822519982e-07
Opaless3X_764	17.7840405049056	-1.07472549633861	0.367968621887639	-2.92069875639228	0.00349247345049757	0.0121772454694259
Opaless3X_795	2348.03967039058	-1.18937081694711	0.224106694514071	-5.30716326670213	1.11344439976e-07	1.36673672227851e-06
Opaless3X_799	696.859547368392	-1.7172844640379	0.290768612126299	-5.90601733619026	3.50477108387092e-09	6.62542450453631e-08
Opaless3X_802	284.755528698166	1.22709287217182	0.334226075667353	3.67144565163466	0.000241182369606627	0.00126244836360177
Opaless3X_803	226.007157364413	1.08210920676629	0.204646388143369	5.28770244412133	1.23862246255177e-07	1.49417732695182e-06
Opaless3X_812	8615.70988784568	-1.12757174647345	0.27253025350179	-4.13741862411633	3.51234953948589e-05	0.000232568507362173
Opaless3X_829	55.7160394010917	1.64085291597395	0.574835823288322	2.85447226755551	0.00431083952137667	0.0144712518153301
Opaless3X_83	400.440103350942	-1.24858786037574	0.226906245800814	-5.50265972613109	3.74104032729786e-08	5.23496243133213e-07
Opaless3X_840	592.962434411604	-1.05220066014451	0.243192712014251	-4.32661263337057	1.51419907850884e-05	0.000110742294975263
Opaless3X_844	202.377525824136	1.0976403081847	0.223029540957117	4.92150189375921	8.58825711489194e-07	8.66670754046066e-06
Opaless3X_847	2065.48725092893	-1.18634748457792	0.155325189964336	-7.63783057242884	2.20912292652697e-14	1.14896028755851e-12
Opaless3X_867	552.754579028416	1.65929777525313	0.219232367707273	7.56867150871024	3.77060270844848e-14	1.88440359167461e-12
Opaless3X_868	909.295174516359	1.28164660314895	0.229011590441266	5.5964268038986	2.18814640341906e-08	3.23445021181451e-07
Opaless3X_873	721.448318574247	1.02359454727916	0.341362336726812	2.99855736017628	0.00271261089161326	0.00985081360120454
Opaless3X_887	2257.8013681795	-1.43594441187264	0.154336891677241	-9.30396094069056	1.35308822058835e-20	1.67066598530291e-18
Opaless3X_896	6590.78019723388	-1.5538194096574	0.230890957166292	-6.72966766965375	1.70051029912668e-11	5.4081380573741e-10
Opaless3X_903	210.507481795294	-1.16038757224549	0.46359728604645	-2.50300769044887	0.0123142868253268	0.0353432475175357
Opaless3X_904	929.642341088844	-2.39106393634493	0.288233897544976	-8.29556813654031	1.08067462457773e-16	7.56112012329552e-15
Opaless3X_915	2197.88232685265	1.00038682053583	0.244810262289707	4.08637616405142	4.38163181479282e-05	0.000281255204258413
Opaless3X_933	15477.2560091136	1.27542857051661	0.321475261016877	3.96742370309377	7.26537601460833e-05	0.000445907141949207
Opaless3X_940	17938.2682340983	1.21426409445511	0.264480540016116	4.59112830902842	4.40856195415521e-06	3.69109533452237e-05
Opaless3X_944	425.765995833266	-1.23203478478257	0.211860521365038	-5.81531083207221	6.05213199366181e-09	1.05861875455801e-07
Opaless3X_946	31186.1237332749	-1.64687143057629	0.229885586522528	-7.16387423626014	7.84283592710962e-13	3.35961481857206e-11
Opaless3X_956	2324.1644828035	1.07225872410012	0.200781994250289	5.34041276013764	9.27351959069448e-08	1.16557590544118e-06
Opaless3X_957	416.173589336216	1.04910189184694	0.389712351744166	2.69199035430019	0.00710269994881508	0.0224188980339291
Opaless3X_958	52.2034722703784	2.15565082065668	0.42175674642634	5.11112350643373	3.20248523608611e-07	3.57048327028477e-06
Opaless3X_961	12310.995890145	1.4075748156488	0.214657807775714	6.55729614605729	5.47921350912782e-11	1.57546152817251e-09
Opaless3X_967	51.6834230383951	-1.13556912975142	0.395374793485258	-2.8721333490719	0.00407710886156278	0.013780759259936
Opaless3X_969	45.4573690330287	-1.49902343458598	0.436664781243881	-3.43289291688665	0.000597177903760136	0.00273088544660681
Opaless3X_972	534.138121809641	1.05652258342234	0.164963258487869	6.40459332039706	1.50770713333733e-10	3.9070089788581e-09
Opaless3X_977	242.156242965888	1.11900386139839	0.257539111558956	4.34498610570159	1.39284478952057e-05	0.000102581796954515
Opaless3X_982	1565.735056222	1.02522234697721	0.213495456412888	4.8020804011608	1.57025615497312e-06	1.47141413807525e-05
Opaless3X_987	14024.2821165257	-1.12911734495112	0.180023373736104	-6.27205968601772	3.56302935904411e-10	8.23691260037383e-09
