ID	baseMean	log2FoldChange	lfcSE	stat	pvalue	padj
Opaless3X_1006	212.462267968324	1.01963501232739	0.262626666825682	3.88245041774136	0.0001034091061774	0.00105880836032372
Opaless3X_1018	14896.5764783543	1.83353119183498	0.293554453387908	6.24596619357744	4.21188274459628e-10	2.67901269118412e-08
Opaless3X_1064	949.785732945136	1.03248227253864	0.286676043899764	3.60156453428542	0.00031630787994314	0.00267713806451875
Opaless3X_109	1379.57391204325	1.10262134207897	0.276110976511941	3.99339916148277	6.51327851454502e-05	0.000731089390482888
Opaless3X_1097	193.785333510051	3.70533993844062	0.446232525862918	8.30360792565554	1.00996546887091e-16	1.81022039616085e-14
Opaless3X_1099	34.2675095221823	2.3170079277188	0.42568801065896	5.44297201166672	5.23988824808065e-08	1.64157096010765e-06
Opaless3X_1100	27.5278258049158	1.91435228262618	0.38304568345014	4.99771271505627	5.80143278927276e-07	1.35302304718706e-05
Opaless3X_115	916.312532358286	1.48576353308513	0.24529509221324	6.05704549438567	1.38644387378466e-09	7.27536422768503e-08
Opaless3X_1161	1125.53653381815	1.45957164424428	0.18576467589825	7.85710004976265	3.93128835200417e-15	5.5011828339045e-13
Opaless3X_1177	1189.7296316291	1.06393343754101	0.22220054767739	4.78816748501324	1.68311155958884e-06	3.42995258599707e-05
Opaless3X_1178	1214.62880311038	1.18714603487236	0.224292363753196	5.29285088001773	1.20424113951533e-07	3.46260568745574e-06
Opaless3X_1181	1575.62587916707	2.29034072949603	0.293493030397996	7.80373123814961	6.01031218290797e-15	7.88477829495239e-13
Opaless3X_1182	260.859456288427	1.6003662114054	0.408794148471934	3.91484618208833	9.0461859697842e-05	0.000958987088412981
Opaless3X_1183	499.695550433533	1.02064959439468	0.343348578364412	2.97263381504792	0.00295256474615214	0.0161391494848264
Opaless3X_1195	10.5742591402051	1.49590538489038	0.480346877599632	3.11421902514626	0.00184432524690263	0.0113859961566136
Opaless3X_1196	4793.68810869936	1.9820352995686	0.264762988250098	7.48607391338378	7.09644406915643e-14	7.8397032111365e-12
Opaless3X_12	221.112642091365	-1.21070864818377	0.369438645961456	-3.27715755083751	0.001048578414631	0.00712286761265525
Opaless3X_1203	109.983100595062	1.47155595832657	0.258517490381619	5.69228780673325	1.25348329235281e-08	4.78374805572462e-07
Opaless3X_1204	77.0925719336782	1.16714317355188	0.402553915279012	2.89934622233875	0.00373941724868722	0.0195736578678166
Opaless3X_121	464.289064252835	1.25279624066685	0.286880988999002	4.36695455156568	1.25990930704029e-05	0.000187556711735998
Opaless3X_1237	3734.02006704333	3.75384732019891	0.271424592365769	13.8301665574218	1.67631925830403e-43	3.51859412318016e-40
Opaless3X_1245	97.9491043145847	1.23555523926536	0.246362993626338	5.01518195195885	5.29833012129507e-07	1.24957246343802e-05
Opaless3X_1246	178.629697430987	1.27778964024257	0.274518320751394	4.65466070441158	3.24514646846741e-06	5.97505476957288e-05
Opaless3X_1247	40.0842290488367	1.42186130015371	0.466383315963992	3.0486967511151	0.00229836355750852	0.0135133476392448
Opaless3X_1284	6675.04520383417	-1.81499481273315	0.356716593488543	-5.0880582677224	3.61748235665209e-07	8.99380937629665e-06
Opaless3X_1285	3030.97472618172	-2.1375619196992	0.381032311697328	-5.60992297523881	2.02416686025748e-08	7.4539056836499e-07
Opaless3X_1286	2604.97245115038	-2.1261877208992	0.349611545295765	-6.08157181737373	1.19010037367362e-09	6.40518124189984e-08
Opaless3X_1287	3881.90572398608	-1.82545600873354	0.31436227712637	-5.80685451645245	6.36574029754067e-09	2.72687528255875e-07
Opaless3X_1294	620.183221408333	-1.19400362634883	0.291356854069233	-4.09807975914343	4.16591743842707e-05	0.000505448595564071
Opaless3X_1340	462.011586501201	1.25059224347578	0.24585182081058	5.08677234666208	3.64208574075853e-07	8.99380937629665e-06
Opaless3X_1353	2727.02873338001	2.8146460751283	0.28043307437861	10.0367835761351	1.05043571740416e-23	7.34954856943777e-21
Opaless3X_1354	17813.576377267	2.60263946770226	0.313544173581396	8.30071067171853	1.03490446659982e-16	1.81022039616085e-14
Opaless3X_1355	1473.93942976127	2.2394326306952	0.229894774886169	9.74112017902123	2.01322725312111e-22	1.0564410010753e-19
Opaless3X_1356	627.805528846081	2.13291763296553	0.269531991751318	7.91341175905179	2.50429358335838e-15	3.7546515939066e-13
Opaless3X_1357	478.7961062592	1.21313828533007	0.268026176088646	4.52619331079379	6.00556488409407e-06	0.000102485208875719
Opaless3X_136	5253.22787776316	2.52244427413971	0.333541690791065	7.5626056465601	3.95074000314039e-14	4.60700181477315e-12
Opaless3X_1370	9226.35244571054	1.15965571420658	0.209560804596246	5.53374337553653	3.13467513365148e-08	1.06123921057007e-06
Opaless3X_1399	5074.60601602018	4.31320296350291	1.08075169289818	3.99092871364051	6.58150623260974e-05	0.000734818169268502
Opaless3X_1459	22.7298035488349	-1.77563734535901	0.61350284697468	-2.89426097061338	0.00380052146582597	0.01984401631037
Opaless3X_1511	1474.36208205874	1.39853616985698	0.239892732832452	5.82983966768912	5.54806563761872e-09	2.42612286945035e-07
Opaless3X_1537	3894.4640034316	1.15131412942514	0.212387148112766	5.42082767086194	5.93237268604269e-08	1.79020147144259e-06
Opaless3X_1551	5182.56619113067	1.93986829347126	0.340786802399479	5.69232223728341	1.25323047547656e-08	4.78374805572462e-07
Opaless3X_1553	12159.6711122143	1.15294008052135	0.2072836723474	5.56213650339551	2.66491706553427e-08	9.32276820092739e-07
Opaless3X_1557	353.651017399683	-2.37208837108706	0.437935142737346	-5.41652893225273	6.07671614539879e-08	1.79648270270311e-06
Opaless3X_1558	1168.38126129988	-1.38650223063952	0.336682457252151	-4.11813030579472	3.81958712611021e-05	0.000468848735538324
Opaless3X_158	242.839788984569	-1.16395701546448	0.203193575536393	-5.72831602766892	1.01432473958134e-08	4.01710873279479e-07
Opaless3X_159	41.4276208562703	-1.17481837323036	0.363498723997994	-3.2319738575942	0.00122938302720642	0.00804813327905457
Opaless3X_1603	4215.67357715416	1.05169301623881	0.210938531580814	4.98577954609442	6.17124795135965e-07	1.40798363585912e-05
Opaless3X_1624	5060.97303588302	4.27425209155203	1.09154933160083	3.9157663037396	9.01175096107621e-05	0.000958987088412981
Opaless3X_1633	9.77258672970682	-3.15032756868631	0.704412303240533	-4.47227788923297	7.7390766505642e-06	0.000127908046374286
Opaless3X_1634	25.4538501205293	-1.80009448531687	0.365221173284976	-4.92877909877445	8.27450663376207e-07	1.8091863983611e-05
Opaless3X_1669	2691.48327655989	1.34868015330006	0.32655742659694	4.12999381871262	3.6277298798114e-05	0.000447917942219067
Opaless3X_1670	896.280901388056	-1.16582738241477	0.235308848635737	-4.95445619310088	7.25328547354915e-07	1.61964321372124e-05
Opaless3X_1684	119.259198565841	-1.02651819886017	0.216200946229979	-4.74798198971914	2.05456326715814e-06	4.08285426453863e-05
Opaless3X_1692	28.8137137445184	1.11177680293559	0.436848304040808	2.54499512222379	0.0109279264745322	0.0442813082433265
Opaless3X_1696	41.1249052228202	1.10380234241629	0.357347489919533	3.08887671958977	0.00200914790870365	0.0122237723488956
Opaless3X_1698	6.85141432548602	2.71975678576262	0.765035232668739	3.55507389676035	0.000377872871925914	0.00309826233661131
Opaless3X_1699	28.8246394077294	1.43106154262678	0.361501465145531	3.95866042216639	7.53713085608526e-05	0.000823981128485571
Opaless3X_1701	8.01150555420892	1.77762509627496	0.587466804833319	3.02591581626357	0.0024788130720335	0.0142548729813652
Opaless3X_1706	18.2142008773639	-1.96720487436433	0.602214721521224	-3.26661704548682	0.00108840804415812	0.0073458793719868
Opaless3X_1707	34.7832654535083	1.62698183818717	0.427370742450225	3.80695652879575	0.000140687463051617	0.00136714344882104
Opaless3X_1717	97.3800141139785	1.11513650819312	0.325020783628113	3.43096984674386	0.000601427449209256	0.00442946040663238
Opaless3X_1731	8602.94855546	1.6687389426393	0.240995614895292	6.92435396952901	4.3796955839262e-12	3.67719241226444e-10
Opaless3X_1743	1613.45723513556	1.04071531367562	0.36318201531437	2.86554749351995	0.00416288823396285	0.0213641163248988
Opaless3X_176	5882.64403096468	-1.18470193678198	0.228520854769836	-5.18421803548388	2.16923046491875e-07	5.91326590372007e-06
Opaless3X_1761	714.613356322935	1.07469573083575	0.194424240282893	5.52758097072687	3.24676391682243e-08	1.08173927958893e-06
Opaless3X_1765	1812.46049406118	2.43445316836129	0.27698515361053	8.78911066758614	1.5074851475849e-18	3.51579036086746e-16
Opaless3X_1766	3545.28590182777	2.31097277447656	0.274188374998376	8.42841267245647	3.50385505725886e-17	7.35459176518635e-15
Opaless3X_1767	2513.05620816365	1.19525563693373	0.200402716326765	5.96426864287017	2.45732168241895e-09	1.19951586311567e-07
Opaless3X_1768	1781.12080960875	1.40604988130389	0.221039935896894	6.36106717819425	2.00356786388899e-10	1.40182964876766e-08
Opaless3X_1819	9.40216209459965	-1.70285803119925	0.568470761609959	-2.99550679858469	0.0027398919350407	0.0152392879593714
Opaless3X_1835	8247.43779623321	2.41198951207346	0.347149883356557	6.94797730810731	3.70560588080718e-12	3.24086114325595e-10
Opaless3X_1836	10655.20457431	2.85651911005563	0.304995404354917	9.36577754703331	7.54923703636295e-21	2.26369264847512e-18
Opaless3X_1837	90.2929103035725	-1.59256182978127	0.270335129508172	-5.89106503723233	3.83714488925218e-09	1.78981491612007e-07
Opaless3X_1838	15548.6215947092	1.92817498068639	0.260111636052235	7.41287475620343	1.23590593847266e-13	1.29708328242706e-11
Opaless3X_1863	8494.83254790935	1.56924173354565	0.264953044601366	5.92271636624007	3.16666751278628e-09	1.51064434303145e-07
Opaless3X_1869	5894.09015007981	1.18099788142894	0.287133939728708	4.11305567897959	3.90456163894212e-05	0.000476492725589507
Opaless3X_1870	680.973647267343	-1.72220423842526	0.27149858998631	-6.34332663942049	2.24855975308547e-10	1.52249255539561e-08
Opaless3X_1878	6180.76415602772	1.37408110141145	0.212427169430586	6.46848096265037	9.89929860394071e-11	7.16504405850743e-09
Opaless3X_1951	6013.97504027622	1.50377448650704	0.276738827605312	5.43391218181982	5.51317216435433e-08	1.7017865254382e-06
Opaless3X_1952	4622.07757377637	1.85652261232761	0.268660761658416	6.91028567352927	4.83678684760795e-12	3.90477522812657e-10
Opaless3X_1953	2783.28720097058	1.84612338058122	0.260988671112009	7.07357669095497	1.50990414209988e-12	1.44058581557621e-10
Opaless3X_1963	4209.77882528709	-1.52847255479786	0.364342698399852	-4.19515077840374	2.72690128558708e-05	0.000353318876447363
Opaless3X_1971	27541.4603885734	1.88246754074812	0.267810835819031	7.02909400581599	2.0787889390724e-12	1.89712086222303e-10
Opaless3X_1981	228.984049556191	-1.38816555463983	0.293517662015757	-4.72941064297967	2.25172532354191e-06	4.33612060010502e-05
Opaless3X_1982	322.828015486534	-1.41819653711139	0.200187392819051	-7.08434490873907	1.39703568709098e-12	1.39637043200189e-10
Opaless3X_201	4225.33273977677	1.21346802152883	0.209395352617819	5.79510484047659	6.82785140045039e-09	2.86633201790907e-07
Opaless3X_2014	3014.65481999839	1.57092360505427	0.271444319842438	5.78727750120586	7.15363475274341e-09	2.94421163647224e-07
Opaless3X_2016	1297.44586891632	1.0679860076638	0.274343885836716	3.89287337097591	9.90638673357563e-05	0.00102938147295917
Opaless3X_2017	459.972576649445	1.02445454459336	0.290146935522876	3.53081290604425	0.000414284675301293	0.00335465603193581
Opaless3X_2019	30.2328828391227	1.13405828166166	0.329173702212205	3.44516671301577	0.000570707283609146	0.00429360067489461
Opaless3X_2028	5086.36338459891	4.26579790278423	1.08373725234976	3.93619199998444	8.27847491485825e-05	0.000895696847746777
Opaless3X_2039	13.8749851284824	-1.48460750501897	0.531049103351923	-2.79561248790044	0.00518014711629898	0.0251111519563777
Opaless3X_204	714.801365215464	1.10750237969386	0.288619647107738	3.83723835432606	0.000124425690919859	0.00123777026180467
Opaless3X_2043	4107.16698438034	1.17033179756363	0.240544132165436	4.86535168007645	1.14253465549909e-06	2.42240428473999e-05
Opaless3X_2044	21399.4163822144	-1.42599467090687	0.236462075914262	-6.03054280646641	1.63409878308527e-09	8.36578864803898e-08
Opaless3X_2058	3679.1329858247	2.75670370173853	0.462121278842374	5.96532518183136	2.44147320514255e-09	1.19951586311567e-07
Opaless3X_2066	59.7796102682151	1.05093076644903	0.28758674818192	3.65430873673024	0.000257875813950495	0.0022553388895087
Opaless3X_2076	12.1692499533275	1.81333876327335	0.724046125242968	2.50445199560296	0.0122641246549461	0.048761647198732
Opaless3X_2095	116.222574576058	-1.02838790831912	0.209483143582184	-4.90916782483582	9.14636817553761e-07	1.95900273474015e-05
Opaless3X_2128	1106.59625089432	-1.04910821233997	0.297196538118524	-3.53001491532039	0.000415536240258842	0.00335465603193581
Opaless3X_2143	17.0571010419831	-1.06301964972077	0.373769327819633	-2.84405265654582	0.00445436858411823	0.0224467052087714
Opaless3X_2144	627.725952942656	1.7118840927131	0.208583200366387	8.20720024290589	2.26405803319968e-16	3.65558293206625e-14
Opaless3X_2166	4113.14513162873	2.09145716187785	0.401055156127857	5.21488660579914	1.83929714863771e-07	5.14757961998742e-06
Opaless3X_2170	5102.43052297653	4.29565174915321	1.08328771948727	3.96538396206169	7.32778940484358e-05	0.000813811109035273
Opaless3X_2188	55.4557483748308	1.05454259937196	0.3095841475074	3.40631976108128	0.000658450107660699	0.00478207731951743
Opaless3X_221	502.582221659883	3.32842696646245	0.317420834866447	10.4858490711956	1.00340301190006e-25	1.05307146098912e-22
Opaless3X_230	1311.88346098618	1.27278825156252	0.29619847976933	4.29707894704162	1.73063571129997e-05	0.000243798950202593
Opaless3X_231	16179.6981800413	1.04538630024182	0.157712450362224	6.62843230094286	3.392706554713e-11	2.63751520679355e-09
Opaless3X_265	550.258157031549	-1.81444080298271	0.32166049617901	-5.64085681809352	1.69206027516417e-08	6.34220449565998e-07
Opaless3X_266	1041.8896638186	-2.02596935171862	0.407083404518438	-4.97679180539244	6.46467893445979e-07	1.4590710842399e-05
Opaless3X_267	552.232047998509	-1.50884288395062	0.430256871078306	-3.50684204105601	0.000453458240094062	0.00361904504166326
Opaless3X_283	10441.1978421926	1.20938505048529	0.254879858832124	4.74492200375021	2.08586691567134e-06	4.09180808971415e-05
Opaless3X_297	3414.16720496921	1.09125563305793	0.286050186209407	3.81490971049067	0.000136232735035818	0.00134031073693458
Opaless3X_300	1264.79354053164	1.13298413829912	0.23501815963128	4.8208365688705	1.42957442242419e-06	2.94183991438075e-05
Opaless3X_301	1539.19147004853	1.45323086788124	0.328665644535441	4.42160868360712	9.79687647354417e-06	0.000154804080572803
Opaless3X_418	33.6788155009719	-1.02678531868343	0.316414038318272	-3.24506878437111	0.00117422256520227	0.0078244227439986
Opaless3X_421	55.3070282157634	-1.10560578507994	0.360841238442776	-3.06396738313843	0.00218422722585186	0.0130246958723382
Opaless3X_423	16.3156055002428	-1.18870145198029	0.454028768562432	-2.61811923447937	0.00884159047656314	0.0376440130026491
Opaless3X_440	372.709093715416	-1.04930791359515	0.237541116491688	-4.41737383865442	9.99073492596489e-06	0.000154804080572803
Opaless3X_444	273.431383155266	-1.04256061448854	0.28417694362851	-3.66870232741832	0.000243784724321788	0.00215908918291744
Opaless3X_445	257.098177417492	-1.11660581541488	0.289426560119043	-3.85799359587318	0.000114321642723508	0.0011426720384602
Opaless3X_457	468.751575404305	1.34584116390542	0.316833370602461	4.24778855000752	2.15891010642392e-05	0.000292358213766698
Opaless3X_458	1372.87292095812	1.09657076725483	0.231810745007836	4.73045702526759	2.24014946328273e-06	4.33612060010502e-05
Opaless3X_459	2831.59282976903	1.1414220222751	0.223935746392601	5.09709611199802	3.4490324151353e-07	8.81864196943196e-06
Opaless3X_46	92.9441103692639	1.28836496303152	0.317079014985638	4.06322999044851	4.83983000636871e-05	0.000572425405230439
Opaless3X_460	1184.37248698163	1.04604450258539	0.24386886547912	4.2893728993665	1.79178316752788e-05	0.000250730191242735
Opaless3X_461	6095.87398155949	1.25248416854868	0.131160149963511	9.54927368485868	1.30608721988671e-21	4.56912845757035e-19
Opaless3X_48	587.195880957075	1.24234063750897	0.281471845654466	4.41372967381635	1.01604817400792e-05	0.000155670446514059
Opaless3X_487	2020.98699326051	1.28162608276309	0.218492305658375	5.86577215568854	4.47047332012579e-09	2.03989641281392e-07
Opaless3X_5	53.4171062046521	1.20286022526021	0.315465088874178	3.81297413781328	0.000137304484986535	0.00134047494877552
Opaless3X_51	259.532972689072	1.71141816702691	0.330887435422844	5.17220656879845	2.31345623209403e-07	6.2255700399556e-06
Opaless3X_526	4186.79534967656	-1.28801886247888	0.220465903863105	-5.84225877974608	5.14977250904896e-09	2.29986648861569e-07
Opaless3X_53	293.18336440106	1.71326430217276	0.347174895415485	4.9348738194978	8.02025938206892e-07	1.77205520452238e-05
Opaless3X_54	35.1588710586609	1.62847458107292	0.535354623793949	3.04186142921911	0.00235120106083218	0.0136813412512432
Opaless3X_556	6209.07592289078	1.33970798716219	0.172570415253974	7.76325411971991	8.27775192782986e-15	1.02205889979499e-12
Opaless3X_575	370.664095442813	2.14966822069801	0.328350642678379	6.54686771179437	5.87563657839509e-11	4.40462899216118e-09
Opaless3X_576	3211.80041373752	3.37925165085815	0.38346138872471	8.8124952087005	1.22390617314288e-18	3.21122382178364e-16
Opaless3X_613	94.6993221093852	1.57291874903826	0.312439152577347	5.03432023823862	4.79547435259318e-07	1.15697708805668e-05
Opaless3X_630	56.4125950049996	-1.35198247449769	0.361679609515674	-3.73806661732501	0.000185440816221607	0.00173767979129086
Opaless3X_631	410.602720518065	-1.0841138560977	0.359402248536738	-3.01643593080326	0.00255765262120997	0.0146281004139502
Opaless3X_634	18.5768756581064	1.39595119426304	0.54154136841974	2.57773694803138	0.00994496725517406	0.0413356163734859
Opaless3X_638	25.3417272128695	1.54445727919781	0.577730808010844	2.67331646120008	0.00751053620583899	0.0331189401177648
Opaless3X_642	11.3551138759787	2.38901974543441	0.647424869061063	3.69003394772141	0.000224224127599569	0.0020199418190193
Opaless3X_651	45.4475156030546	1.76446103141394	0.422922226239737	4.17206976115212	3.01845185135671e-05	0.000383706312699598
Opaless3X_653	65.2573668032241	1.62621001646111	0.352262159115509	4.61647660522023	3.90309999553932e-06	6.88454360557734e-05
Opaless3X_681	234.041492469418	-1.7270448655672	0.279122955473233	-6.18739817597272	6.1165330104561e-10	3.77605964380805e-08
Opaless3X_682	133.095198076492	-2.10221378395547	0.332891291645271	-6.31501585266938	2.70133784034845e-10	1.77190878965356e-08
Opaless3X_683	102.00229039638	-2.22493089762298	0.362199066334793	-6.14283995852824	8.10589454569932e-10	4.59845206795213e-08
Opaless3X_699	38.1758164566034	-1.60952231224251	0.312399626008553	-5.15212624549828	2.57549554625675e-07	6.84299386277585e-06
Opaless3X_700	13.5396823199525	-2.67522763599758	0.625711528452109	-4.27549679740692	1.90711542722141e-05	0.000263357584324851
Opaless3X_756	13687.3853124781	-1.82666471282114	0.33397936588241	-5.46939391897729	4.51577101713823e-08	1.43615202499593e-06
Opaless3X_757	6531.37860594405	-1.80977123081612	0.329184527772223	-5.49774086608464	3.84687667784117e-08	1.24224525335209e-06
Opaless3X_758	26675.3189824417	-1.58386584615414	0.300558345810642	-5.26974502032962	1.36613398334662e-07	3.87502058249264e-06
Opaless3X_787	328.868918897695	-1.19743416569996	0.276341090247071	-4.33317450050358	1.46974520997215e-05	0.000212758289360796
Opaless3X_788	760.266198058957	-1.63579180354707	0.361761860711987	-4.52173648246846	6.13343864042106e-06	0.000103823287953579
Opaless3X_789	56916.8451962237	-1.57175793743284	0.38834194618615	-4.04735556606451	5.17995249251366e-05	0.000601456245436807
Opaless3X_84	50.6283768793214	1.12935213254318	0.357460523881527	3.15937581101257	0.00158107467719898	0.00987701115309722
Opaless3X_87	3.24927065577024	2.68726814170768	0.900153564148771	2.98534411097832	0.00283259475022636	0.0156052923378612
Opaless3X_880	1075.49524187289	1.00660515334569	0.219829914288325	4.5790180858891	4.67163807582653e-06	8.17147360096657e-05
Opaless3X_89	441.987590486362	1.39871330828038	0.324184431786448	4.31456038950618	1.59920815160272e-05	0.000229913555494116
Opaless3X_914	37540.9691841181	1.59524402822643	0.528115107423095	3.02063698955768	0.00252243574911951	0.0144661001021908
Opaless3X_946	31186.1237332749	1.11529638005074	0.218899498734706	5.09501568755263	3.48712378972298e-07	8.81864196943196e-06
Opaless3X_958	52.2034722703784	-1.63825047621244	0.372244558388236	-4.4010058422501	1.0775022310288e-05	0.000163889650936917
Opaless3X_965	1743.61521909869	2.49140837349483	0.258089434739142	9.65327533075099	4.76102787210136e-22	1.99867950070815e-19
